contract_id,report_date,product_type,issue_year,cohort,fulfilment_cashflows,risk_adjustment,csm_opening,csm_release,csm_unlocking,csm_interest_accretion,csm_new_business,csm_closing,loss_component,discount_rate,insurance_revenue,insurance_service_expense,insurance_finance_expense
CON00001,2024-03-31,Term Life,2020,2020-Q1,48860.02,2889.46,16982.25,288.38,0,153.36,1698.22,18545.45,0,0.0367,835.68,274.01,450.76
CON00001,2024-06-30,Term Life,2020,2020-Q1,48792.85,2947.25,18545.45,333.07,0,97.64,0,18310.03,0,0.0214,812.74,429.66,263.06
CON00001,2024-09-30,Term Life,2020,2020-Q1,49351.21,3005.04,18310.03,401.81,0,93.65,0,18001.86,0,0.0209,816.75,231.67,256.59
CON00001,2024-12-31,Term Life,2020,2020-Q1,49430.57,3062.83,18001.86,312.5,0,108.24,0,17797.6,0,0.0245,712.53,374.79,300.22
CON00001,2025-03-31,Term Life,2020,2020-Q1,49081.48,3120.61,17797.6,423.47,0,154.67,0,17528.79,0,0.0356,907.53,246.96,436.79
CON00001,2025-06-30,Term Life,2020,2020-Q1,48688.93,3178.4,17528.79,363.63,0,112.5,0,17277.66,0,0.0262,844.46,656.48,321.57
CON00001,2025-09-30,Term Life,2020,2020-Q1,49549.91,3236.19,17277.66,263.14,0,112,0,17126.52,0,0.0263,694.32,495.12,322.97
CON00001,2025-12-31,Term Life,2020,2020-Q1,48166.27,3293.98,17126.52,403.25,-1130.49,206.02,0,15798.8,0,0.0493,794.39,367.12,604.45
CON00002,2024-03-31,Whole Life,2024,2024-Q4,27997.78,2487.98,21546.81,451.96,0,120.79,2154.68,23370.33,0,0.0229,836.71,310.56,163.35
CON00002,2024-06-30,Whole Life,2024,2024-Q4,28463.65,2537.73,23370.33,563.46,-741.91,205.38,0,22270.33,0,0.036,822.51,231.19,256.9
CON00002,2024-09-30,Whole Life,2024,2024-Q4,29030.14,2587.49,22270.33,393.62,0,126.96,0,22003.67,0,0.0232,612.14,419.87,165.55
CON00002,2024-12-31,Whole Life,2024,2024-Q4,27863.31,2637.25,22003.67,391.5,0,228.04,0,21840.21,0,0.0422,759.88,98.34,301
CON00002,2025-03-31,Whole Life,2024,2024-Q4,29455.39,2687.01,21840.21,378.37,0,244.56,0,21706.39,0,0.0456,582.34,286.74,325.07
CON00002,2025-06-30,Whole Life,2024,2024-Q4,29308.5,2736.77,21706.39,481.02,436.86,261.25,0,21923.49,0,0.0492,851.33,295.76,351.13
CON00002,2025-09-30,Whole Life,2024,2024-Q4,28174.94,2786.53,21923.49,373.27,0,156.84,0,21707.06,0,0.0291,745,188.1,207.62
CON00002,2025-12-31,Whole Life,2024,2024-Q4,29363.74,2836.29,21707.06,464.97,0,211.83,0,21453.92,0,0.0399,769.61,209.58,284.48
CON00003,2024-03-31,Whole Life,2022,2022-Q4,37349.38,5528.53,6401.75,105.94,0,64.34,640.18,7000.33,0,0.0409,527.43,354.88,390.5
CON00003,2024-06-30,Whole Life,2022,2022-Q4,38144.24,5639.1,7000.33,171.28,0,77.72,0,6906.76,0,0.0455,503,209.17,434.85
CON00003,2024-09-30,Whole Life,2022,2022-Q4,38195.58,5749.67,6906.76,171.71,-21.99,73.05,0,6786.1,0,0.0434,611.21,351.72,414.42
CON00003,2024-12-31,Whole Life,2022,2022-Q4,37803.98,5860.24,6786.1,147.75,0,42.26,0,6680.61,0,0.0255,486.99,413.77,243.24
CON00003,2025-03-31,Whole Life,2022,2022-Q4,38509.95,5970.81,6680.61,115.7,447.73,42.04,0,7054.68,0,0.0256,517.72,501.85,244.69
CON00003,2025-06-30,Whole Life,2022,2022-Q4,38652.83,6081.38,7054.68,150.85,0,43.14,0,6946.96,0,0.025,629.38,76.97,238.75
CON00003,2025-09-30,Whole Life,2022,2022-Q4,37568.69,6191.95,6946.96,156.95,0,60.83,0,6850.84,0,0.0358,625.51,73.45,342.35
CON00003,2025-12-31,Whole Life,2022,2022-Q4,38931.78,6302.52,6850.84,111.26,0,82.63,0,6822.21,0,0.049,538.75,200.74,468.46
CON00004,2024-03-31,Term Life,2020,2020-Q1,32741.2,2680.3,22125.17,367.02,0,252.57,2212.52,24223.24,0,0.0464,759.55,369.26,369.16
CON00004,2024-06-30,Term Life,2020,2020-Q1,31002.7,2733.9,24223.24,399.88,-1063.16,137.85,0,22898.05,0,0.0231,777.1,549.42,184.02
CON00004,2024-09-30,Term Life,2020,2020-Q1,31220.66,2787.51,22898.05,344.23,0,280.53,0,22834.34,0,0.0498,692.7,466.18,395.56
CON00004,2024-12-31,Term Life,2020,2020-Q1,31230.55,2841.11,22834.34,367.78,2078.67,193.74,0,24738.97,0,0.0345,599.03,74.19,274.24
CON00004,2025-03-31,Term Life,2020,2020-Q1,30879.16,2894.72,24738.97,377.59,0,272.42,0,24633.81,0,0.0447,601.35,67.04,355.63
CON00004,2025-06-30,Term Life,2020,2020-Q1,32003.64,2948.33,24633.81,591.29,0,154.64,0,24197.16,0,0.0257,968.89,475.44,204.55
CON00004,2025-09-30,Term Life,2020,2020-Q1,31641.35,3001.93,24197.16,507.4,0,157.77,0,23847.53,0,0.0266,743.13,223.08,211.79
CON00004,2025-12-31,Term Life,2020,2020-Q1,32145.3,3055.54,23847.53,463.37,-1048.55,152.74,0,22488.35,0,0.0261,857.84,403.16,207.73
CON00005,2024-03-31,Term Life,2020,2020-Q4,23496.25,3015.66,19023.9,422.35,-1188.54,178.95,1902.39,19494.35,0,0.0385,658.91,220.3,235.41
CON00005,2024-06-30,Term Life,2020,2020-Q4,25076.72,3075.97,19494.35,387.32,0,192.58,0,19299.61,0,0.0403,653.1,38.07,246.65
CON00005,2024-09-30,Term Life,2020,2020-Q4,23613.78,3136.29,19299.61,401.2,0,142.69,0,19041.1,0,0.0302,613.16,370.22,184.76
CON00005,2024-12-31,Term Life,2020,2020-Q4,25162.26,3196.6,19041.1,470.1,0,119.97,0,18690.97,0,0.0258,752.41,344.52,158.08
CON00005,2025-03-31,Term Life,2020,2020-Q4,24667.32,3256.91,18690.97,341.3,0,203.52,0,18553.19,0,0.0444,565.29,387.53,271.41
CON00005,2025-06-30,Term Life,2020,2020-Q4,24521.27,3317.23,18553.19,463.8,1378.17,136.43,0,19603.99,0,0.0302,617.28,94.6,184.56
CON00005,2025-09-30,Term Life,2020,2020-Q4,24604.7,3377.54,19603.99,374.8,0,207.23,0,19436.42,0,0.0431,646.72,141.81,263.72
CON00005,2025-12-31,Term Life,2020,2020-Q4,25298.29,3437.85,19436.42,320.41,0,126.51,0,19242.52,0,0.0265,649.73,0,161.95
CON00006,2024-03-31,Term Life,2022,2022-Q1,33894.83,3179.09,28964.87,542.95,0,274.44,2896.49,31592.85,0,0.0386,785.65,61.98,327.18
CON00006,2024-06-30,Term Life,2022,2022-Q1,34143.2,3242.67,31592.85,746.92,0,243.33,0,31089.26,0,0.0316,1170.53,151.79,267.31
CON00006,2024-09-30,Term Life,2022,2022-Q1,32956.6,3306.25,31089.26,697.53,930.47,318.51,0,31640.72,0,0.0419,1112.59,428.88,355.12
CON00006,2024-12-31,Term Life,2022,2022-Q1,34580.77,3369.83,31640.72,748.82,0,328.22,0,31220.12,0,0.0425,1128.11,154.91,360.02
CON00006,2025-03-31,Term Life,2022,2022-Q1,33225.51,3433.41,31220.12,644.4,868.7,174,0,31618.41,0,0.0228,916.88,347.34,192.83
CON00006,2025-06-30,Term Life,2022,2022-Q1,32992.28,3496.99,31618.41,577.85,0,352.85,0,31393.42,0,0.0455,893.52,40.3,385.19
CON00006,2025-09-30,Term Life,2022,2022-Q1,33748.49,3560.58,31393.42,695.22,0,331.12,0,31029.31,0,0.0431,1063.87,379.85,365.49
CON00006,2025-12-31,Term Life,2022,2022-Q1,34488.57,3624.16,31029.31,679.81,0,300.83,0,30650.33,0,0.0396,1095.78,264.73,335.87
CON00007,2024-03-31,Term Life,2019,2019-Q4,18785.36,1136.52,5076.09,111.69,0,46.66,507.61,5518.67,0,0.0376,279.78,53.19,183.18
CON00007,2024-06-30,Term Life,2019,2019-Q4,19305.18,1159.25,5518.67,131.73,0,29.12,0,5416.06,0,0.0216,260.63,119.98,105.36
CON00007,2024-09-30,Term Life,2019,2019-Q4,20143.05,1181.98,5416.06,110.16,0,45.29,0,5351.19,0,0.0341,349.6,130.37,166.36
CON00007,2024-12-31,Term Life,2019,2019-Q4,19265.1,1204.71,5351.19,95.71,0,26.91,0,5282.39,0,0.0205,271.73,127.47,99.8
CON00007,2025-03-31,Term Life,2019,2019-Q4,19668.2,1227.44,5282.39,87.18,0,39.73,0,5234.94,0,0.0306,360.68,349.39,149.05
CON00007,2025-06-30,Term Life,2019,2019-Q4,20136.88,1250.18,5234.94,89.32,0,27.66,0,5173.29,0,0.0215,366.57,8.18,104.76
CON00007,2025-09-30,Term Life,2019,2019-Q4,20161.5,1272.91,5173.29,102.01,0,41.44,0,5112.72,0,0.0327,396.53,333.88,159.26
CON00007,2025-12-31,Term Life,2019,2019-Q4,19888.27,1295.64,5112.72,102.7,0,37.05,0,5047.06,0,0.0296,356.25,429.84,144.14
CON00008,2024-03-31,Annuity,2021,2021-Q3,16969.78,1754.79,19948.31,399.76,0,229.55,1994.83,21772.93,0,0.047,653.02,404.56,196.76
CON00008,2024-06-30,Annuity,2021,2021-Q3,16230.57,1789.89,21772.93,498.28,0,208.1,0,21482.75,0,0.0391,573.51,0,163.9
CON00008,2024-09-30,Annuity,2021,2021-Q3,17353.13,1824.99,21482.75,392.46,0,236.24,0,21326.52,0,0.0448,581.28,0,187.69
CON00008,2024-12-31,Annuity,2021,2021-Q3,15902.59,1860.08,21326.52,446.27,0,111.81,0,20992.06,0,0.0214,698.67,417.93,89.73
CON00008,2025-03-31,Annuity,2021,2021-Q3,16270.35,1895.18,20992.06,368.66,0,228.45,0,20851.85,0,0.0443,626.66,0,185.61
CON00008,2025-06-30,Annuity,2021,2021-Q3,16826.02,1930.27,20851.85,315.84,0,146.31,0,20682.32,0,0.0285,480.89,247.16,119.38
CON00008,2025-09-30,Annuity,2021,2021-Q3,17011.76,1965.37,20682.32,310.7,266.9,206.55,0,20845.07,0,0.0406,424.8,293.57,169.89
CON00008,2025-12-31,Annuity,2021,2021-Q3,16232.98,2000.47,20845.07,411.8,0,191.17,0,20624.44,0,0.0374,667.89,192.72,156.77
CON00009,2024-03-31,Term Life,2020,2020-Q3,50191.73,6815.93,0,0,0,0,-365.13,0,365.13,0.0328,424.46,399.77,409.47
CON00009,2024-06-30,Term Life,2020,2020-Q3,48933.96,6952.25,0,0,0,0,0,0,365.13,0.0344,565.54,486.95,428.83
CON00009,2024-09-30,Term Life,2020,2020-Q3,49572.8,7088.57,0,0,0,0,0,0,365.13,0.0321,483.07,162.31,400.33
CON00009,2024-12-31,Term Life,2020,2020-Q3,50793.56,7224.89,0,0,0,0,0,0,365.13,0.0436,435.03,470.99,544.14
CON00009,2025-03-31,Term Life,2020,2020-Q3,50098.8,7361.21,0,0,0,0,0,0,365.13,0.0475,416.19,177.35,591.99
CON00009,2025-06-30,Term Life,2020,2020-Q3,49812.07,7497.53,0,0,0,0,0,0,365.13,0.0219,440.94,525.38,272.84
CON00009,2025-09-30,Term Life,2020,2020-Q3,50351.16,7633.85,0,0,0,0,0,0,365.13,0.0486,469.4,342.08,606.11
CON00009,2025-12-31,Term Life,2020,2020-Q3,50869.42,7770.17,0,0,0,0,0,0,365.13,0.0485,410.35,303.26,605.18
CON00010,2024-03-31,Annuity,2022,2022-Q3,33022.55,4477.88,11025.55,175.01,0,121.15,1102.55,12074.24,0,0.0447,610.53,555.97,375.51
CON00010,2024-06-30,Annuity,2022,2022-Q3,32842.08,4567.43,12074.24,209.78,0,76.24,0,11940.7,0,0.0257,451.78,360.58,216.12
CON00010,2024-09-30,Annuity,2022,2022-Q3,34155.93,4656.99,11940.7,239.17,0,79.75,0,11781.28,0,0.0273,630.28,257.75,229.22
CON00010,2024-12-31,Annuity,2022,2022-Q3,34440.95,4746.55,11781.28,193.92,0,137,0,11724.36,0,0.0473,518.75,171.53,397.65
CON00010,2025-03-31,Annuity,2022,2022-Q3,34514.5,4836.11,11724.36,288.56,0,80.6,0,11516.4,0,0.0282,567.12,395.51,237.04
CON00010,2025-06-30,Annuity,2022,2022-Q3,34419.88,4925.66,11516.4,230.83,0,79.59,0,11365.16,0,0.0282,555.94,558.79,237.19
CON00010,2025-09-30,Annuity,2022,2022-Q3,34528.55,5015.22,11365.16,199.52,0,128.35,0,11293.99,0,0.046,444.75,317.51,386.6
CON00010,2025-12-31,Annuity,2022,2022-Q3,32739.21,5104.78,11293.99,272.72,0,96.15,0,11117.43,0,0.0349,689.27,145.71,293.41
CON00011,2024-03-31,Term Life,2021,2021-Q1,44728.23,3289.51,26458.33,628.96,0,252.83,2645.83,28728.04,0,0.0392,1066.44,277.66,434.33
CON00011,2024-06-30,Term Life,2021,2021-Q1,43502.59,3355.3,28728.04,481.02,0,257.6,0,28504.61,0,0.0365,982.1,361.35,404.63
CON00011,2024-09-30,Term Life,2021,2021-Q1,43596.63,3421.09,28504.61,682.73,0,257.84,0,28079.72,0,0.0371,1066.63,316.19,411.21
CON00011,2024-12-31,Term Life,2021,2021-Q1,45178.76,3486.88,28079.72,548.12,-1953.76,264.7,0,25842.54,0,0.0385,893.39,232.07,426.59
CON00011,2025-03-31,Term Life,2021,2021-Q1,44342.74,3552.67,25842.54,586.7,0,223.38,0,25479.22,0,0.0354,984.58,618.97,392.43
CON00011,2025-06-30,Term Life,2021,2021-Q1,43825.35,3618.46,25479.22,584.51,0,130.06,0,25024.77,0,0.0209,967.51,388.52,231.81
CON00011,2025-09-30,Term Life,2021,2021-Q1,45210.98,3684.25,25024.77,515.46,1154.16,270.12,0,25933.58,0,0.0441,1021.46,607.13,489.01
CON00011,2025-12-31,Term Life,2021,2021-Q1,44157.35,3750.04,25933.58,490.82,0,307.25,0,25750.01,0,0.0483,840.74,273.86,535.82
CON00012,2024-03-31,Term Life,2021,2021-Q2,14095.69,1476.64,0,0,0,0,-284.01,0,284.01,0.0494,66.58,135.19,182.08
CON00012,2024-06-30,Term Life,2021,2021-Q2,14979.65,1506.17,0,0,0,0,0,0,284.01,0.0493,228.97,0,181.65
CON00012,2024-09-30,Term Life,2021,2021-Q2,15417.27,1535.71,0,0,0,0,0,0,284.01,0.0413,65.12,283.74,152.09
CON00012,2024-12-31,Term Life,2021,2021-Q2,14470.84,1565.24,0,0,0,0,0,0,284.01,0.0284,65.53,366.09,104.75
CON00012,2025-03-31,Term Life,2021,2021-Q2,15584.48,1594.77,0,0,0,0,0,0,284.01,0.0465,183.05,13.52,171.47
CON00012,2025-06-30,Term Life,2021,2021-Q2,14689.61,1624.31,0,0,0,0,0,0,284.01,0.0215,200.95,54.8,79.14
CON00012,2025-09-30,Term Life,2021,2021-Q2,14435.69,1653.84,0,0,0,0,0,0,284.01,0.049,162.07,357.43,180.47
CON00012,2025-12-31,Term Life,2021,2021-Q2,15641.2,1683.37,0,0,0,0,0,0,284.01,0.0429,116.65,0,158.21
CON00013,2024-03-31,Whole Life,2024,2024-Q2,33013.99,2071.21,28163.12,482.57,0,237.95,2816.31,30734.81,0,0.0344,794.77,232.4,281
CON00013,2024-06-30,Whole Life,2024,2024-Q2,32913.78,2112.63,30734.81,653.77,0,165.87,0,30246.91,0,0.0221,1032.77,320.42,180.25
CON00013,2024-09-30,Whole Life,2024,2024-Q2,33572.28,2154.06,30246.91,626.4,0,288.49,0,29909,0,0.039,1039.51,501.55,318.37
CON00013,2024-12-31,Whole Life,2024,2024-Q2,31756.82,2195.48,29909,732.73,0,356.5,0,29532.77,0,0.0489,999.83,35.19,399.41
CON00013,2025-03-31,Whole Life,2024,2024-Q2,32051.44,2236.91,29532.77,453.22,0,146.94,0,29226.48,0,0.0202,818.37,425.14,165.18
CON00013,2025-06-30,Whole Life,2024,2024-Q2,32520.2,2278.33,29226.48,689.6,0,304.84,0,28841.72,0,0.0427,947.9,482.53,349.19
CON00013,2025-09-30,Whole Life,2024,2024-Q2,31950.5,2319.76,28841.72,641.7,0,272.72,0,28472.74,0,0.0387,990.86,502.73,316.13
CON00013,2025-12-31,Whole Life,2024,2024-Q2,32711.31,2361.18,28472.74,442.58,0,178.48,0,28208.64,0,0.0255,806.33,374.88,208.14
CON00014,2024-03-31,Term Life,2023,2023-Q1,26215.74,3108.53,21695.82,339.34,0,144.15,2169.58,23670.2,0,0.027,563.29,98.68,173.44
CON00014,2024-06-30,Term Life,2023,2023-Q1,26695.48,3170.7,23670.2,547.19,-1031.82,152.21,0,22243.39,0,0.0263,836.48,87.27,169.15
CON00014,2024-09-30,Term Life,2023,2023-Q1,24817.01,3232.87,22243.39,374.66,1248.76,266.58,0,23384.07,0,0.0488,628.35,132.35,313.23
CON00014,2024-12-31,Term Life,2023,2023-Q1,26254.15,3295.04,23384.07,455.81,0,202.57,0,23130.83,0,0.0353,679.75,79.71,227.02
CON00014,2025-03-31,Term Life,2023,2023-Q1,24960.08,3357.21,23130.83,485.71,0,243.24,0,22888.36,0,0.043,707.22,185.3,276.01
CON00014,2025-06-30,Term Life,2023,2023-Q1,26565.08,3419.38,22888.36,350.31,0,225.3,0,22763.35,0,0.04,591.44,15.54,256.87
CON00014,2025-09-30,Term Life,2023,2023-Q1,26061.9,3481.55,22763.35,378.8,-834.77,278.1,0,21827.88,0,0.0497,639.16,304.09,319.24
CON00014,2025-12-31,Term Life,2023,2023-Q1,25415.95,3543.72,21827.88,536.57,-1194.55,148.9,0,20245.66,0,0.028,828.43,439.97,179.71
CON00015,2024-03-31,Whole Life,2019,2019-Q1,24098.9,2099.22,23332.55,389.06,0,145.19,2333.25,25421.93,0,0.0253,660.5,0,157.51
CON00015,2024-06-30,Whole Life,2019,2019-Q1,25114.07,2141.2,25421.93,469.67,0,167.06,0,25119.32,0,0.0268,647.88,481.19,166.64
CON00015,2024-09-30,Whole Life,2019,2019-Q1,24845.71,2183.19,25119.32,484.52,0,224.28,0,24859.08,0,0.0364,746.99,43.73,226.61
CON00015,2024-12-31,Whole Life,2019,2019-Q1,25567.05,2225.17,24859.08,608.43,0,251.79,0,24502.45,0,0.0415,788.84,11.31,258.44
CON00015,2025-03-31,Whole Life,2019,2019-Q1,25066.62,2267.16,24502.45,507.13,0,299.32,0,24294.65,0,0.0499,755.7,424.63,310.49
CON00015,2025-06-30,Whole Life,2019,2019-Q1,24282.94,2309.14,24294.65,545.79,0,139.34,0,23888.2,0,0.0235,842.34,157.39,146.04
CON00015,2025-09-30,Whole Life,2019,2019-Q1,24397.87,2351.13,23888.2,592.62,0,201.23,0,23496.81,0,0.0346,796.4,0,215
CON00015,2025-12-31,Whole Life,2019,2019-Q1,24425.14,2393.11,23496.81,574.28,0,228.15,0,23150.68,0,0.0398,764.42,137.71,247.74
CON00016,2024-03-31,Whole Life,2023,2023-Q3,37274.32,4233.18,21887.36,545.55,0,178.41,2188.74,23708.96,0,0.0334,829.56,178.71,308.24
CON00016,2024-06-30,Whole Life,2023,2023-Q3,37095.16,4317.85,23708.96,421.87,-2110.58,277.17,0,21453.67,0,0.0476,848.57,381.1,438.85
CON00016,2024-09-30,Whole Life,2023,2023-Q3,36819.38,4402.51,21453.67,341.96,0,165.17,0,21276.88,0,0.0313,770.95,427.44,288.47
CON00016,2024-12-31,Whole Life,2023,2023-Q3,37717.9,4487.18,21276.88,511.93,0,185.87,0,20950.82,0,0.0358,925.07,535.61,330.05
CON00016,2025-03-31,Whole Life,2023,2023-Q3,36721.81,4571.84,20950.82,350.5,241.34,192.21,0,21033.88,0,0.0373,683.21,405.48,344.03
CON00016,2025-06-30,Whole Life,2023,2023-Q3,37542.9,4656.5,21033.88,431.19,0,140.19,0,20742.88,0,0.0272,782.51,180.13,250.89
CON00016,2025-09-30,Whole Life,2023,2023-Q3,36243.84,4741.17,20742.88,313.09,0,208.06,0,20637.84,0,0.0407,653.38,419.43,375.5
CON00016,2025-12-31,Whole Life,2023,2023-Q3,37577.25,4825.83,20637.84,453.93,0,102.65,0,20286.56,0,0.0203,759.88,568.75,187.52
CON00017,2024-03-31,Term Life,2022,2022-Q2,15846.95,1410.19,23451.02,578.44,0,210.68,2345.1,25428.36,0,0.0368,731.54,128.24,138.69
CON00017,2024-06-30,Term Life,2022,2022-Q2,14329.02,1438.4,25428.36,470.32,0,133.71,0,25091.75,0,0.0214,584.5,310.5,80.67
CON00017,2024-09-30,Term Life,2022,2022-Q2,14916.49,1466.6,25091.75,593.92,0,297.68,0,24795.51,0,0.0486,793.2,233.54,182.95
CON00017,2024-12-31,Term Life,2022,2022-Q2,15665,1494.8,24795.51,555.56,1430.9,297.53,0,25968.37,0,0.0491,703.71,162.78,184.81
CON00017,2025-03-31,Term Life,2022,2022-Q2,15603.56,1523.01,25968.37,463.16,0,284.82,0,25790.03,0,0.0447,568.39,217.54,168.14
CON00017,2025-06-30,Term Life,2022,2022-Q2,15600.24,1551.21,25790.03,435.85,0,285.07,0,25639.24,0,0.045,527.3,109.21,169.29
CON00017,2025-09-30,Term Life,2022,2022-Q2,14840.82,1579.41,25639.24,498.99,0,188.77,0,25329.02,0,0.03,718.6,29.39,113.05
CON00017,2025-12-31,Term Life,2022,2022-Q2,15638.91,1607.62,25329.02,558.81,0,227.83,0,24998.04,0,0.0368,631.52,0,138.49
CON00018,2024-03-31,Annuity,2020,2020-Q1,14646.85,1553.34,28790.98,628.23,0,263.38,2879.1,31305.22,0,0.0374,680.72,367.06,142.39
CON00018,2024-06-30,Annuity,2020,2020-Q1,14872.64,1584.41,31305.22,473.75,0,353.03,0,31184.5,0,0.0458,593.98,12.54,174.33
CON00018,2024-09-30,Annuity,2020,2020-Q1,15206.28,1615.47,31184.5,607.34,0,294.59,0,30871.75,0,0.0385,702.14,26.54,146.68
CON00018,2024-12-31,Annuity,2020,2020-Q1,14545.04,1646.54,30871.75,687.39,0,287.51,0,30471.87,0,0.0381,811.64,409.47,145.02
CON00018,2025-03-31,Annuity,2020,2020-Q1,14355.49,1677.61,30471.87,724.39,0,360.1,0,30107.58,0,0.0484,811.06,51.89,184.3
CON00018,2025-06-30,Annuity,2020,2020-Q1,15137.69,1708.67,30107.58,722.62,505.39,195.87,0,30086.23,0,0.0267,965.41,223.47,101.49
CON00018,2025-09-30,Annuity,2020,2020-Q1,14312.76,1739.74,30086.23,460.32,834.11,250.1,0,30710.12,0,0.0338,660.69,202.93,128.53
CON00018,2025-12-31,Annuity,2020,2020-Q1,15684.61,1770.81,30710.12,470.62,0,280.16,0,30519.65,0,0.0371,559.77,105.3,141.05
CON00019,2024-03-31,Term Life,2019,2019-Q4,28803.14,3326.17,29303.97,668.32,0,282.98,2930.4,31849.02,0,0.0395,916.45,81.13,282.36
CON00019,2024-06-30,Term Life,2019,2019-Q4,27812.51,3392.7,31849.02,596.3,0,300.88,0,31553.6,0,0.0385,798.36,78.27,275.09
CON00019,2024-09-30,Term Life,2019,2019-Q4,27988.97,3459.22,31553.6,540.11,0,315.99,0,31329.48,0,0.0408,804.46,454.79,291.13
CON00019,2024-12-31,Term Life,2019,2019-Q4,28366.75,3525.74,31329.48,682.15,0,238.75,0,30886.09,0,0.0312,935.03,142.02,222.6
CON00019,2025-03-31,Term Life,2019,2019-Q4,28304.93,3592.27,30886.09,503.38,0,365.06,0,30747.76,0,0.0481,812.45,348.51,343.32
CON00019,2025-06-30,Term Life,2019,2019-Q4,28544.06,3658.79,30747.76,768.55,0,274.26,0,30253.47,0,0.0366,1034.01,219.74,261.4
CON00019,2025-09-30,Term Life,2019,2019-Q4,29358.54,3725.31,30253.47,743.39,0,328.05,0,29838.13,0,0.0445,1107.42,490.69,317.64
CON00019,2025-12-31,Term Life,2019,2019-Q4,28632.24,3791.84,29838.13,456.32,0,277.34,0,29659.15,0,0.0378,659.58,320.33,269.71
CON00020,2024-03-31,Whole Life,2019,2019-Q4,35620.46,4500.97,13117.35,203.48,0,135.05,1311.73,14360.65,0,0.0418,606.86,19.71,376.03
CON00020,2024-06-30,Whole Life,2019,2019-Q4,36791.92,4590.99,14360.65,225.86,0,149.45,0,14284.24,0,0.0423,632.04,576.14,380.18
CON00020,2024-09-30,Whole Life,2019,2019-Q4,35996.17,4681.01,14284.24,333.94,0,121.35,0,14071.65,0,0.0348,603.62,443.31,312.79
CON00020,2024-12-31,Whole Life,2019,2019-Q4,36658.73,4771.03,14071.65,281.56,0,123.33,0,13913.42,0,0.0358,735.05,49.16,321.59
CON00020,2025-03-31,Whole Life,2019,2019-Q4,35942.8,4861.05,13913.42,221.49,0,128.08,0,13820.01,0,0.0374,499.48,84.92,336.36
CON00020,2025-06-30,Whole Life,2019,2019-Q4,36915.12,4951.07,13820.01,310.97,0,155.31,0,13664.35,0,0.046,723.77,176.82,413.4
CON00020,2025-09-30,Whole Life,2019,2019-Q4,35650.27,5041.09,13664.35,281.33,0,132.83,0,13515.85,0,0.0397,662.32,193.14,356.89
CON00020,2025-12-31,Whole Life,2019,2019-Q4,35853.37,5131.11,13515.85,235.32,0,146.38,0,13426.91,0,0.0441,501.89,347.21,396.32
CON00021,2024-03-31,Whole Life,2021,2021-Q2,38441.72,5177.9,29356.85,644.1,-1882.08,253.74,2935.68,30020.09,0,0.0353,1114.48,484.3,339.01
CON00021,2024-06-30,Whole Life,2021,2021-Q2,39234.24,5281.46,30020.09,488.09,0,169.52,0,29701.52,0,0.023,879.99,118.11,220.2
CON00021,2024-09-30,Whole Life,2021,2021-Q2,38871.73,5385.02,29701.52,512.85,0,337.29,0,29525.96,0,0.0462,924.16,424.26,443.29
CON00021,2024-12-31,Whole Life,2021,2021-Q2,37731.58,5488.58,29525.96,701.77,0,321.79,0,29145.98,0,0.0447,1123.86,176.67,428.26
CON00021,2025-03-31,Whole Life,2021,2021-Q2,38780.37,5592.14,29145.98,699,0,162.81,0,28609.8,0,0.0229,1007.89,34.12,219.56
CON00021,2025-06-30,Whole Life,2021,2021-Q2,39094.15,5695.7,28609.8,603.48,0,279.94,0,28286.26,0,0.04,1009.49,49.66,383.45
CON00021,2025-09-30,Whole Life,2021,2021-Q2,38193.6,5799.25,28286.26,596.31,0,330.36,0,28020.3,0,0.0477,1052.56,184.21,457.68
CON00021,2025-12-31,Whole Life,2021,2021-Q2,38164.13,5902.81,28020.3,589.98,0,221.67,0,27651.99,0,0.0323,953.19,172.08,310.01
CON00022,2024-03-31,Term Life,2023,2023-Q2,34555.96,3461.31,16445.67,305.81,0,200.03,1644.57,17984.45,0,0.0496,749.22,232.48,430.94
CON00022,2024-06-30,Term Life,2023,2023-Q2,34538.72,3530.54,17984.45,323.48,0,124.97,0,17785.94,0,0.0283,703.07,441.13,246.05
CON00022,2024-09-30,Term Life,2023,2023-Q2,34630.48,3599.76,17785.94,367.63,-1775.5,152.17,0,15794.98,0,0.0349,648.53,341.85,303.78
CON00022,2024-12-31,Term Life,2023,2023-Q2,33890.72,3668.99,15794.98,329.4,0,188.58,0,15654.15,0,0.0488,598.89,430.73,423.99
CON00022,2025-03-31,Term Life,2023,2023-Q2,34270.28,3738.22,15654.15,245.68,0,173.84,0,15582.31,0,0.0451,505.7,422.95,392.3
CON00022,2025-06-30,Term Life,2023,2023-Q2,34034.74,3807.44,15582.31,298.04,0,159.64,0,15443.91,0,0.0418,623.48,169.98,363.18
CON00022,2025-09-30,Term Life,2023,2023-Q2,35628.49,3876.67,15443.91,333.7,0,163.14,0,15273.35,0,0.0432,715.74,38.78,375.43
CON00022,2025-12-31,Term Life,2023,2023-Q2,35185.69,3945.9,15273.35,339.11,-1139.82,122.01,0,13916.43,0,0.0327,725.91,573.92,284.1
CON00023,2024-03-31,Annuity,2020,2020-Q1,11062.24,819.64,20594.85,351.15,0,170.45,2059.48,22473.63,0,0.0337,456.03,20.87,91.98
CON00023,2024-06-30,Annuity,2020,2020-Q1,11021.56,836.03,22473.63,544.31,0,250.36,0,22179.67,0,0.0457,716.18,0,124.73
CON00023,2024-09-30,Annuity,2020,2020-Q1,10510.17,852.43,22179.67,438.09,0,109.39,0,21850.97,0,0.0201,647.13,86.19,54.97
CON00023,2024-12-31,Annuity,2020,2020-Q1,11304.26,868.82,21850.97,375.14,0,213.89,0,21689.72,0,0.0398,533.51,369.8,108.81
CON00023,2025-03-31,Annuity,2020,2020-Q1,11376.66,885.21,21689.72,383.64,0,117.25,0,21423.33,0,0.022,560.12,171.83,60.12
CON00023,2025-06-30,Annuity,2020,2020-Q1,10736.25,901.6,21423.33,449.22,0,257.32,0,21231.44,0,0.0491,521.25,336.07,134.03
CON00023,2025-09-30,Annuity,2020,2020-Q1,10472.22,918,21231.44,449.48,0,119.71,0,20901.67,0,0.023,565.89,189.95,62.93
CON00023,2025-12-31,Annuity,2020,2020-Q1,10804.33,934.39,20901.67,348.48,0,139.58,0,20692.78,0,0.0272,447.75,0,74.19
CON00024,2024-03-31,Whole Life,2018,2018-Q3,43120.41,4099.46,17037.69,303.06,-315.04,175.43,1703.77,18298.79,0,0.0419,821.64,390.08,453.24
CON00024,2024-06-30,Whole Life,2018,2018-Q3,43192.23,4181.45,18298.79,364.44,1798.7,143.14,0,19876.18,0,0.0319,800.95,405.93,345.07
CON00024,2024-09-30,Whole Life,2018,2018-Q3,42641.98,4263.44,19876.18,495.66,0,231.73,0,19612.25,0,0.0478,835.32,478.6,516.96
CON00024,2024-12-31,Whole Life,2018,2018-Q3,42374.03,4345.43,19612.25,340.71,0,212.59,0,19484.13,0,0.0441,793.28,197.34,476.94
CON00024,2025-03-31,Whole Life,2018,2018-Q3,43167.15,4427.42,19484.13,389.28,0,178.94,0,19273.8,0,0.0375,782.29,523.49,405.17
CON00024,2025-06-30,Whole Life,2018,2018-Q3,42788.31,4509.4,19273.8,452.13,-134.27,145.48,0,18832.87,0,0.0309,888.96,420.47,334.18
CON00024,2025-09-30,Whole Life,2018,2018-Q3,43731.09,4591.39,18832.87,333.52,0,111.96,0,18611.31,0,0.0242,807.59,368.68,261.67
CON00024,2025-12-31,Whole Life,2018,2018-Q3,43435.59,4673.38,18611.31,318.44,-1392.31,153.29,0,17053.85,0,0.0335,844.57,228.96,362.3
CON00025,2024-03-31,Term Life,2021,2021-Q3,30208.83,3087.45,23045.66,394.27,0,270.21,2304.57,25226.16,0,0.0477,720.8,467.24,366
CON00025,2024-06-30,Term Life,2021,2021-Q3,31525.41,3149.2,25226.16,543,2275.33,199.85,0,27158.35,0,0.0324,940.5,366.88,248.42
CON00025,2024-09-30,Term Life,2021,2021-Q3,29718.39,3210.95,27158.35,544.48,0,133.42,0,26747.29,0,0.0201,755.94,109.94,153.81
CON00025,2024-12-31,Term Life,2021,2021-Q3,30650.24,3272.7,26747.29,662.57,0,232.17,0,26316.89,0,0.0356,909.18,382.61,273.09
CON00025,2025-03-31,Term Life,2021,2021-Q3,30025.29,3334.45,26316.89,519.15,0,295.23,0,26092.96,0,0.0458,809,24.65,351.12
CON00025,2025-06-30,Term Life,2021,2021-Q3,31143.75,3396.2,26092.96,449.6,-1214.51,207.57,0,24636.42,0,0.0324,722.13,0,248.35
CON00025,2025-09-30,Term Life,2021,2021-Q3,30439.71,3457.94,24636.42,395.55,0,211.45,0,24452.33,0,0.0349,708.63,438.81,267.63
CON00025,2025-12-31,Term Life,2021,2021-Q3,30941.76,3519.69,24452.33,368.6,0,192.82,0,24276.55,0,0.032,620.06,341.24,245.64
CON00026,2024-03-31,Annuity,2022,2022-Q4,34502.62,2797.48,17686.89,423.34,0,181.45,1768.69,19213.69,0,0.042,836.39,575.63,363.52
CON00026,2024-06-30,Annuity,2022,2022-Q4,35481.39,2853.43,19213.69,345.67,833.76,187.69,0,19889.47,0,0.0398,690.3,279.32,344.05
CON00026,2024-09-30,Annuity,2022,2022-Q4,35228.15,2909.38,19889.47,389.9,0,227.74,0,19727.31,0,0.0467,665.18,324.65,403.94
CON00026,2024-12-31,Annuity,2022,2022-Q4,34841.61,2965.33,19727.31,336.91,298.14,182.71,0,19871.25,0,0.0377,600.25,448.38,325.9
CON00026,2025-03-31,Annuity,2022,2022-Q4,33810,3021.28,19871.25,309.95,0,131.53,0,19692.83,0,0.0269,616.24,157.94,232.55
CON00026,2025-06-30,Annuity,2022,2022-Q4,34736.29,3077.23,19692.83,353.48,0,158.36,0,19497.71,0,0.0328,648.3,151.32,283.21
CON00026,2025-09-30,Annuity,2022,2022-Q4,35518.73,3133.18,19497.71,470.56,0,118.54,0,19145.69,0,0.0249,839.57,128.68,215.46
CON00026,2025-12-31,Annuity,2022,2022-Q4,35187.39,3189.13,19145.69,444.59,0,187.08,0,18888.18,0,0.04,792.45,275.06,345.98
CON00027,2024-03-31,Annuity,2019,2019-Q1,30910.81,3517.53,18129.21,411.29,0,117.49,1812.92,19648.34,0,0.0265,659.55,78.95,211.22
CON00027,2024-06-30,Annuity,2019,2019-Q1,32433.5,3587.88,19648.34,356.9,0,179.62,0,19471.06,0,0.0372,738.96,493.37,296.57
CON00027,2024-09-30,Annuity,2019,2019-Q1,32606.68,3658.23,19471.06,425.42,0,116.44,0,19162.08,0,0.0245,787.1,0,194.73
CON00027,2024-12-31,Annuity,2019,2019-Q1,32729.51,3728.58,19162.08,292.4,0,98.13,0,18967.81,0,0.0208,524.92,542.12,165.64
CON00027,2025-03-31,Annuity,2019,2019-Q1,31438.99,3798.93,18967.81,384.5,0,227.21,0,18810.52,0,0.0489,757.96,477.25,389.43
CON00027,2025-06-30,Annuity,2019,2019-Q1,31694.65,3869.28,18810.52,381.97,0,147.96,0,18576.52,0,0.0321,603.94,45.88,255.73
CON00027,2025-09-30,Annuity,2019,2019-Q1,31625.25,3939.63,18576.52,358.19,-287.8,200.81,0,18131.34,0,0.0441,676.68,495.57,351.07
CON00027,2025-12-31,Annuity,2019,2019-Q1,31951.32,4009.98,18131.34,283.6,0,146.82,0,17994.56,0,0.0329,546.26,440.69,262.01
CON00028,2024-03-31,Term Life,2020,2020-Q4,34351.65,3410.5,24381.58,491.67,0,155.56,2438.16,26483.63,0,0.026,770.73,0.88,223.22
CON00028,2024-06-30,Term Life,2020,2020-Q4,34670.47,3478.71,26483.63,636.09,0,153.79,0,26001.32,0,0.0238,973.42,491.21,203.97
CON00028,2024-09-30,Term Life,2020,2020-Q4,33822.73,3546.92,26001.32,397.94,1660.79,193.15,0,27457.32,0,0.0302,802.21,366.44,258.62
CON00028,2024-12-31,Term Life,2020,2020-Q4,34541.35,3615.13,27457.32,453.66,476.7,155.61,0,27635.97,0,0.023,760.83,452.98,197.54
CON00028,2025-03-31,Term Life,2020,2020-Q4,35058.56,3683.34,27635.97,629.57,-2020.61,237.9,0,25223.69,0,0.0352,1038.28,324.05,301.99
CON00028,2025-06-30,Term Life,2020,2020-Q4,34912.6,3751.55,25223.69,400.09,0,290.27,0,25113.86,0,0.0468,683.76,372.82,400.86
CON00028,2025-09-30,Term Life,2020,2020-Q4,34761.38,3819.76,25113.86,499.1,0,192.27,0,24807.03,0,0.0312,802.01,244.77,267.77
CON00028,2025-12-31,Term Life,2020,2020-Q4,35113.05,3887.97,24807.03,427.67,0,228.6,0,24607.95,0,0.0375,750.66,563.58,321.45
CON00029,2024-03-31,Whole Life,2023,2023-Q2,10273.14,576.63,23248.9,421.9,-961.67,269.98,2324.89,24460.2,0,0.0473,498.69,370.57,122.1
CON00029,2024-06-30,Whole Life,2023,2023-Q2,10769.53,588.16,24460.2,426.01,0,292.36,0,24326.55,0,0.0487,611.19,0,125.58
CON00029,2024-09-30,Whole Life,2023,2023-Q2,9765.11,599.69,24326.55,422.97,0,144.83,0,24048.42,0,0.0242,438.09,0,62.55
CON00029,2024-12-31,Whole Life,2023,2023-Q2,9355.83,611.22,24048.42,466.87,-568.46,205.64,0,23218.74,0,0.0349,482.46,157.36,90.03
CON00029,2025-03-31,Whole Life,2023,2023-Q2,10712.98,622.76,23218.74,536.66,0,118.79,0,22800.88,0,0.0209,663.62,96.17,54.07
CON00029,2025-06-30,Whole Life,2023,2023-Q2,10723.57,634.29,22800.88,406.09,0,262.94,0,22657.72,0,0.047,544.33,110.6,121.21
CON00029,2025-09-30,Whole Life,2023,2023-Q2,11052.93,645.82,22657.72,494.06,-263.25,140.1,0,22040.51,0,0.0253,654.93,269.28,65.26
CON00029,2025-12-31,Whole Life,2023,2023-Q2,9658.05,657.35,22040.51,534.25,0,124.56,0,21630.82,0,0.0232,709.11,0,59.79
CON00030,2024-03-31,Annuity,2021,2021-Q3,26641.02,2050.25,24328.55,596.05,0,197.47,2432.85,26362.82,0,0.0333,873.49,114.76,224.98
CON00030,2024-06-30,Annuity,2021,2021-Q3,26353.95,2091.26,26362.82,486.84,0,238.51,0,26114.49,0,0.0369,730.79,61.39,249.23
CON00030,2024-09-30,Annuity,2021,2021-Q3,27266.34,2132.26,26114.49,460.43,0,313,0,25967.05,0,0.0488,669.6,440.14,329.9
CON00030,2024-12-31,Annuity,2021,2021-Q3,26116.48,2173.27,25967.05,482.31,0,263.45,0,25748.19,0,0.0414,661.67,41.78,279.52
CON00030,2025-03-31,Annuity,2021,2021-Q3,27616.04,2214.27,25748.19,392.15,-718.53,237.13,0,24874.64,0,0.0374,727.98,266,252.87
CON00030,2025-06-30,Annuity,2021,2021-Q3,27153.74,2255.28,24874.64,380.26,0,136.98,0,24631.36,0,0.0224,586.78,52.49,151.21
CON00030,2025-09-30,Annuity,2021,2021-Q3,26524.97,2296.28,24631.36,478.52,0,183.91,0,24336.75,0,0.0305,756.93,105.37,205.89
CON00030,2025-12-31,Annuity,2021,2021-Q3,26800.17,2337.29,24336.75,472.1,0,257.4,0,24122.05,0,0.0431,826.36,446.14,291.64
CON00031,2024-03-31,Term Life,2019,2019-Q4,14418.77,871.54,26495.9,644.27,0,201.87,2649.59,28703.09,0,0.0312,769.11,222.29,112.38
CON00031,2024-06-30,Term Life,2019,2019-Q4,14850.55,888.97,28703.09,547.71,0,150.2,0,28305.58,0,0.0213,740.9,44.45,76.77
CON00031,2024-09-30,Term Life,2019,2019-Q4,14998.76,906.4,28305.58,474.49,0,264,0,28095.08,0,0.0379,532.31,42.72,136.51
CON00031,2024-12-31,Term Life,2019,2019-Q4,14416.43,923.83,28095.08,681.8,0,214.79,0,27628.07,0,0.0313,847.21,164.14,112.76
CON00031,2025-03-31,Term Life,2019,2019-Q4,13537.67,941.26,27628.07,420.2,0,332.05,0,27539.92,0,0.0488,485.03,0,175.64
CON00031,2025-06-30,Term Life,2019,2019-Q4,13978.31,958.69,27539.92,627.75,0,262.6,0,27174.77,0,0.039,758.03,351.07,140.43
CON00031,2025-09-30,Term Life,2019,2019-Q4,13883.55,976.12,27174.77,423.16,0,313.04,0,27064.65,0,0.0468,609.23,143.85,168.41
CON00031,2025-12-31,Term Life,2019,2019-Q4,13435.16,993.55,27064.65,598.82,0,153.27,0,26619.1,0,0.0232,676.52,414.3,83.34
CON00032,2024-03-31,Annuity,2022,2022-Q4,39965.23,2050.79,27886.41,650.89,0,176.41,2788.64,30200.57,0,0.0259,1098.69,389.04,254.68
CON00032,2024-06-30,Annuity,2022,2022-Q4,39941.06,2091.8,30200.57,665.8,0,176.24,0,29711.01,0,0.0239,966.66,387.04,234.63
CON00032,2024-09-30,Annuity,2022,2022-Q4,39077.71,2132.82,29711.01,699.62,-1755.53,183.75,0,27439.61,0,0.0253,1191.07,413.34,249.03
CON00032,2024-12-31,Annuity,2022,2022-Q4,38435.37,2173.84,27439.61,612.18,0,277.36,0,27104.78,0,0.0414,905.99,365.27,406.51
CON00032,2025-03-31,Annuity,2022,2022-Q4,39497.23,2214.85,27104.78,488.42,0,310.78,0,26927.14,0,0.0467,812.16,118.08,459.1
CON00032,2025-06-30,Annuity,2022,2022-Q4,39425.97,2255.87,26927.14,545.05,0,199.51,0,26581.6,0,0.0303,926.48,326.22,297.35
CON00032,2025-09-30,Annuity,2022,2022-Q4,38708.97,2296.88,26581.6,433,0,207.13,0,26355.73,0,0.0317,830.97,218.77,311.46
CON00032,2025-12-31,Annuity,2022,2022-Q4,39771.57,2337.9,26355.73,616.27,0,292.45,0,26031.91,0,0.0454,1073.41,612.25,446.74
CON00033,2024-03-31,Term Life,2020,2020-Q1,33227.62,4117.57,25731.72,555.86,784.11,211.19,2573.17,28744.34,0,0.0336,877.72,61.13,273.97
CON00033,2024-06-30,Term Life,2020,2020-Q1,32628.43,4199.92,28744.34,587.41,0,188.73,0,28345.65,0,0.0268,988.09,270.09,218.91
CON00033,2024-09-30,Term Life,2020,2020-Q1,32844.71,4282.27,28345.65,586.06,0,240.2,0,27999.79,0,0.0346,837.24,291.55,282.6
CON00033,2024-12-31,Term Life,2020,2020-Q1,32381.38,4364.62,27999.79,684.18,0,185.66,0,27501.27,0,0.0272,964.17,474.99,221.98
CON00033,2025-03-31,Term Life,2020,2020-Q1,33574.63,4446.98,27501.27,582.31,0,146.81,0,27065.77,0,0.0218,888.59,386.58,178.12
CON00033,2025-06-30,Term Life,2020,2020-Q1,33420.74,4529.33,27065.77,440.43,2646.64,293.84,0,29565.82,0,0.0441,823.58,0,360.44
CON00033,2025-09-30,Term Life,2020,2020-Q1,33395.27,4611.68,29565.82,728.09,0,298.1,0,29135.83,0,0.0413,1110.69,110.7,337.6
CON00033,2025-12-31,Term Life,2020,2020-Q1,31768.83,4694.03,29135.83,715.24,0,307.33,0,28727.92,0,0.0433,1088.93,560.78,353.17
CON00034,2024-03-31,Term Life,2024,2024-Q3,37780.64,2308.7,25984.22,455.37,0,312.37,2598.42,28439.64,0,0.0489,762.52,411.82,462.29
CON00034,2024-06-30,Term Life,2024,2024-Q3,37826.68,2354.87,28439.64,507.39,0,346.89,0,28279.14,0,0.0497,868.41,248.93,469.2
CON00034,2024-09-30,Term Life,2024,2024-Q3,36818.61,2401.05,28279.14,577.72,0,279.52,0,27980.93,0,0.0404,917.78,365.02,381.23
CON00034,2024-12-31,Term Life,2024,2024-Q3,38514.4,2447.22,27980.93,565.84,-106.07,211.51,0,27520.52,0,0.0309,1028.62,413.44,291.48
CON00034,2025-03-31,Term Life,2024,2024-Q3,37931.87,2493.39,27520.52,675.59,0,181.86,0,27026.79,0,0.0271,1060.92,420.18,255.94
CON00034,2025-06-30,Term Life,2024,2024-Q3,37443.6,2539.57,27026.79,428.09,0,215.23,0,26813.93,0,0.0324,715.26,291.6,305.72
CON00034,2025-09-30,Term Life,2024,2024-Q3,37149.7,2585.74,26813.93,512.24,0,253.95,0,26555.64,0,0.0386,956.02,387.09,364.78
CON00034,2025-12-31,Term Life,2024,2024-Q3,38621.34,2631.92,26555.64,399.77,1060.95,231.21,0,27448.04,0,0.0354,833.81,181.76,333.98
CON00035,2024-03-31,Whole Life,2020,2020-Q2,42384.32,4898.39,17664.94,343.76,0,196.88,1766.49,19284.55,0,0.0455,728.26,549.49,477.22
CON00035,2024-06-30,Whole Life,2020,2020-Q2,41825.34,4996.36,19284.55,467.66,139.99,100.33,0,19057.2,0,0.0213,974.35,434.8,223.86
CON00035,2024-09-30,Whole Life,2020,2020-Q2,42602.99,5094.33,19057.2,322.73,0,164.11,0,18898.59,0,0.035,711.79,384.46,367.79
CON00035,2024-12-31,Whole Life,2020,2020-Q2,41294.38,5192.29,18898.59,386.25,0,216.88,0,18729.21,0,0.0469,833.69,119.37,491.88
CON00035,2025-03-31,Whole Life,2020,2020-Q2,42924.24,5290.26,18729.21,324.76,-1163.06,118.13,0,17359.52,0,0.0257,714.21,245.49,269.5
CON00035,2025-06-30,Whole Life,2020,2020-Q2,42731.44,5388.23,17359.52,379.05,0,168.39,0,17148.86,0,0.0397,828.95,456.63,416.35
CON00035,2025-09-30,Whole Life,2020,2020-Q2,42697.49,5486.2,17148.86,340.49,-437.91,114.46,0,16484.92,0,0.0272,781.66,454.62,285.91
CON00035,2025-12-31,Whole Life,2020,2020-Q2,42866.36,5584.16,16484.92,383.63,-1532.31,173,0,14741.99,0,0.043,759.48,375.96,451.1
CON00036,2024-03-31,Term Life,2020,2020-Q4,33888.64,4086.9,24434.35,447.1,0,188.32,2443.44,26619.01,0,0.0314,729.03,459.97,259.2
CON00036,2024-06-30,Term Life,2020,2020-Q4,33927.45,4168.64,26619.01,641.31,0,305.79,0,26283.5,0,0.0471,958.17,416.84,388.64
CON00036,2024-09-30,Term Life,2020,2020-Q4,32901.54,4250.38,26283.5,613.55,-867.45,286.04,0,25088.54,0,0.0446,910.99,284.82,367.89
CON00036,2024-12-31,Term Life,2020,2020-Q4,32555.85,4332.12,25088.54,623.73,-1178.06,130.54,0,23417.29,0,0.0213,970.37,0,176.16
CON00036,2025-03-31,Term Life,2020,2020-Q4,33189.38,4413.86,23417.29,389.36,0,284.96,0,23312.9,0,0.0495,807.76,105.26,408.55
CON00036,2025-06-30,Term Life,2020,2020-Q4,32694.26,4495.59,23312.9,492.73,0,243.69,0,23063.86,0,0.0427,842.86,49.12,352.56
CON00036,2025-09-30,Term Life,2020,2020-Q4,32799.92,4577.33,23063.86,498.15,0,186.55,0,22752.26,0,0.0331,807.84,222.33,272.94
CON00036,2025-12-31,Term Life,2020,2020-Q4,32065.86,4659.07,22752.26,541.98,0,187.09,0,22397.37,0,0.0337,959.39,312.99,278.11
CON00037,2024-03-31,Whole Life,2022,2022-Q4,14606.83,2201.59,12352.77,288.15,0,85.47,1235.28,13385.38,0,0.0283,518.09,345.42,107.39
CON00037,2024-06-30,Whole Life,2022,2022-Q4,15694.74,2245.62,13385.38,223.84,0,102.88,0,13264.42,0,0.0313,437.86,407.8,118.48
CON00037,2024-09-30,Whole Life,2022,2022-Q4,15700.99,2289.65,13264.42,252.61,0,147.02,0,13158.83,0,0.0452,389.33,199.69,171.27
CON00037,2024-12-31,Whole Life,2022,2022-Q4,15893.4,2333.68,13158.83,267.02,-414.75,129.59,0,12606.65,0,0.0402,340.45,0,152.37
CON00037,2025-03-31,Whole Life,2022,2022-Q4,15704.74,2377.71,12606.65,202.17,0,116.77,0,12521.25,0,0.0377,386.83,156.59,142.69
CON00037,2025-06-30,Whole Life,2022,2022-Q4,15673.74,2421.74,12521.25,299.56,0,128.17,0,12349.87,0,0.0419,479.81,24.81,158.96
CON00037,2025-09-30,Whole Life,2022,2022-Q4,15974.16,2465.78,12349.87,239.69,0,98,0,12208.19,0,0.0324,326.05,312.37,122.67
CON00037,2025-12-31,Whole Life,2022,2022-Q4,16102.73,2509.81,12208.19,222.12,0,95.54,0,12081.61,0,0.0319,463.6,0,120.83
CON00038,2024-03-31,Annuity,2022,2022-Q4,42184.02,3415.95,19796.54,351.17,-982.19,198.1,1979.65,20640.93,0,0.0408,768,257.38,437.57
CON00038,2024-06-30,Annuity,2022,2022-Q4,42214.57,3484.27,20640.93,471.81,0,204.63,0,20373.74,0,0.0406,908.22,550.65,435.76
CON00038,2024-09-30,Annuity,2022,2022-Q4,43475.2,3552.58,20373.74,353.24,0,247.04,0,20267.54,0,0.0494,760.41,465.08,529.99
CON00038,2024-12-31,Annuity,2022,2022-Q4,42796.1,3620.9,20267.54,494.29,0,152.74,0,19925.98,0,0.0309,836.48,496.3,331.77
CON00038,2025-03-31,Annuity,2022,2022-Q4,43526.32,3689.22,19925.98,430.66,0,208.2,0,19703.52,0,0.0427,790.47,98.6,458.69
CON00038,2025-06-30,Annuity,2022,2022-Q4,43258.74,3757.54,19703.52,383.59,0,148.49,0,19468.41,0,0.0307,823.26,400.6,330.12
CON00038,2025-09-30,Annuity,2022,2022-Q4,43184.42,3825.86,19468.41,438.42,0,107.06,0,19137.05,0,0.0225,836.9,392.32,241.63
CON00038,2025-12-31,Annuity,2022,2022-Q4,43702.79,3894.18,19137.05,454.45,0,163.19,0,18845.78,0,0.0349,793.61,361.17,375.17
CON00039,2024-03-31,Term Life,2021,2021-Q3,41685.68,4193.14,28512.74,703.53,0,174.65,2851.27,30835.13,0,0.0251,1031.62,32.83,261.11
CON00039,2024-06-30,Term Life,2021,2021-Q3,42328.36,4277,30835.13,733.36,0,258.57,0,30360.34,0,0.0344,1247.46,429.71,357.12
CON00039,2024-09-30,Term Life,2021,2021-Q3,42488.19,4360.87,30360.34,533.15,0,251.57,0,30078.76,0,0.0337,986.84,434.63,350.64
CON00039,2024-12-31,Term Life,2021,2021-Q3,40815.63,4444.73,30078.76,452.72,1685.73,258.67,0,31570.44,0,0.0349,876.8,202.93,363
CON00039,2025-03-31,Term Life,2021,2021-Q3,40943.42,4528.59,31570.44,492.85,0,179.65,0,31257.24,0,0.0231,924.19,128.86,240.33
CON00039,2025-06-30,Term Life,2021,2021-Q3,41610.16,4612.45,31257.24,680.51,0,158.1,0,30734.83,0,0.0207,1004.98,43.67,214.96
CON00039,2025-09-30,Term Life,2021,2021-Q3,41895.86,4696.32,30734.83,745.34,261.77,269.52,0,30520.78,0,0.0359,1158.68,297.18,373.63
CON00039,2025-12-31,Term Life,2021,2021-Q3,40771.34,4780.18,30520.78,742.65,280.91,245.64,0,30304.67,0,0.033,1095.13,424.98,342.94
CON00040,2024-03-31,Term Life,2021,2021-Q4,50165.36,7313.4,11228.37,270.73,0,130.42,1122.84,12210.9,0,0.0476,771.09,222.46,594.99
CON00040,2024-06-30,Term Life,2021,2021-Q4,49440.7,7459.66,12210.9,206.74,-165.44,61.35,0,11900.07,0,0.0204,706.78,616.59,255.48
CON00040,2024-09-30,Term Life,2021,2021-Q4,50544.73,7605.93,11900.07,210.9,0,138.27,0,11827.44,0,0.0473,739.6,420.11,591.34
CON00040,2024-12-31,Term Life,2021,2021-Q4,49300.21,7752.2,11827.44,255.69,0,107.81,0,11679.57,0,0.0373,805.21,422.12,465.74
CON00040,2025-03-31,Term Life,2021,2021-Q4,49655.83,7898.47,11679.57,200.7,-799.85,131.17,0,10810.19,0,0.0457,628.92,380.64,571.22
CON00040,2025-06-30,Term Life,2021,2021-Q4,50763.15,8044.74,10810.19,243.77,-435.31,68.03,0,10199.13,0,0.0258,655.5,434.46,321.82
CON00040,2025-09-30,Term Life,2021,2021-Q4,49650.31,8191,10199.13,247.28,-504.41,100.26,0,9547.71,0,0.0403,731.11,133.4,503.62
CON00040,2025-12-31,Term Life,2021,2021-Q4,49251.1,8337.27,9547.71,150.8,0,105.39,0,9502.3,0,0.0449,647.7,165.99,560.64
CON00041,2024-03-31,Term Life,2021,2021-Q2,14638.55,984.58,22094.43,505.48,0,124.99,2209.44,23923.38,0,0.0232,713.67,86.39,86.54
CON00041,2024-06-30,Term Life,2021,2021-Q2,14437.76,1004.27,23923.38,431.64,0,135.97,0,23627.71,0,0.0232,644.85,21.94,86.52
CON00041,2024-09-30,Term Life,2021,2021-Q2,14697.44,1023.96,23627.71,405.01,-1038.01,239.14,0,22423.82,0,0.0412,457.53,209.85,153.92
CON00041,2024-12-31,Term Life,2021,2021-Q2,15918.94,1043.66,22423.82,369.09,-1581.04,203.61,0,20677.3,0,0.0369,555.62,219.4,137.99
CON00041,2025-03-31,Term Life,2021,2021-Q2,14049.35,1063.35,20677.3,336.99,656.03,151.49,0,21147.83,0,0.0298,442,293.85,111.32
CON00041,2025-06-30,Term Life,2021,2021-Q2,14222.01,1083.04,21147.83,340.22,0,136.42,0,20944.02,0,0.0262,585.83,75.4,98
CON00041,2025-09-30,Term Life,2021,2021-Q2,14978.06,1102.73,20944.02,323.27,0,233.76,0,20854.51,0,0.0453,475.58,68.74,169.45
CON00041,2025-12-31,Term Life,2021,2021-Q2,15746.12,1122.42,20854.51,470.71,1057.98,156.87,0,21598.65,0,0.0308,672.2,3.57,115.03
CON00042,2024-03-31,Whole Life,2022,2022-Q4,17713.9,2453.15,7277.3,141.09,0,73.09,727.73,7937.04,0,0.041,361.41,0,180.95
CON00042,2024-06-30,Whole Life,2022,2022-Q4,17076.52,2502.22,7937.04,160.3,766.48,74.23,0,8617.45,0,0.0382,318.59,346.01,168.64
CON00042,2024-09-30,Whole Life,2022,2022-Q4,17276.82,2551.28,8617.45,135.62,-508.67,71.24,0,8044.39,0,0.0336,347.89,82.25,148.38
CON00042,2024-12-31,Whole Life,2022,2022-Q4,17614.62,2600.34,8044.39,164.53,-707.21,83.61,0,7256.26,0,0.0424,359.55,287.5,187.46
CON00042,2025-03-31,Whole Life,2022,2022-Q4,16813.47,2649.41,7256.26,112.95,0,50.84,0,7194.15,0,0.0285,372.39,203.11,125.75
CON00042,2025-06-30,Whole Life,2022,2022-Q4,17096.25,2698.47,7194.15,167.57,0,54.93,0,7081.51,0,0.0313,322.49,0,138.12
CON00042,2025-09-30,Whole Life,2022,2022-Q4,17431.71,2747.53,7081.51,114.89,0,36.73,0,7003.35,0,0.0211,239.79,0,93.15
CON00042,2025-12-31,Whole Life,2022,2022-Q4,17228.4,2796.6,7003.35,108.23,0,60.37,0,6955.49,0,0.035,367.44,196.4,154.69
CON00043,2024-03-31,Term Life,2018,2018-Q4,40969.05,2308.8,16716.51,337.96,0,187.91,1671.65,18238.11,0,0.0459,797.56,241.86,478.21
CON00043,2024-06-30,Term Life,2018,2018-Q4,41363.66,2354.98,18238.11,353.44,0,119.4,0,18004.07,0,0.0267,779.28,46.91,278.27
CON00043,2024-09-30,Term Life,2018,2018-Q4,41917.28,2401.15,18004.07,406.11,0,153.18,0,17751.15,0,0.0348,891.93,60.13,362.82
CON00043,2024-12-31,Term Life,2018,2018-Q4,41389.62,2447.33,17751.15,425.57,0,215.49,0,17541.07,0,0.0497,920.7,403.02,518.42
CON00043,2025-03-31,Term Life,2018,2018-Q4,42346.81,2493.51,17541.07,274.83,0,88.04,0,17354.28,0,0.0204,640.37,74.76,212.55
CON00043,2025-06-30,Term Life,2018,2018-Q4,42559.22,2539.68,17354.28,269.1,198.69,203.55,0,17487.42,0,0.0477,748.88,379.98,496.6
CON00043,2025-09-30,Term Life,2018,2018-Q4,42503.53,2585.86,17487.42,429.79,0,129.66,0,17187.29,0,0.0304,875.14,184.47,316.84
CON00043,2025-12-31,Term Life,2018,2018-Q4,42426.58,2632.03,17187.29,293.77,0,127.81,0,17021.32,0,0.0303,636.21,105.6,315.36
CON00044,2024-03-31,Whole Life,2022,2022-Q1,34394,3913.06,0,0,0,0,-106.64,0,106.64,0.0243,298.36,505.7,206.99
CON00044,2024-06-30,Whole Life,2022,2022-Q1,34891.97,3991.32,0,0,0,0,0,0,106.64,0.0472,401.89,302.8,401.93
CON00044,2024-09-30,Whole Life,2022,2022-Q1,34186.31,4069.58,0,0,0,0,0,0,106.64,0.0224,256.33,448.92,190.68
CON00044,2024-12-31,Whole Life,2022,2022-Q1,34440.89,4147.84,0,0,0,0,0,0,106.64,0.029,341.77,324.22,246.47
CON00044,2025-03-31,Whole Life,2022,2022-Q1,33542.08,4226.1,0,0,0,0,0,0,106.64,0.0346,350.69,471.35,294.86
CON00044,2025-06-30,Whole Life,2022,2022-Q1,33171.41,4304.36,0,0,0,0,0,0,106.64,0.0293,246.44,165.25,249.27
CON00044,2025-09-30,Whole Life,2022,2022-Q1,33202.06,4382.62,0,0,0,0,0,0,106.64,0.0223,388.07,260.2,189.93
CON00044,2025-12-31,Whole Life,2022,2022-Q1,33745.57,4460.88,0,0,0,0,0,0,106.64,0.023,342.08,0,196.04
CON00045,2024-03-31,Term Life,2018,2018-Q4,13267.15,834.89,7043.34,113.89,0,62.93,704.33,7696.71,0,0.0363,208.91,27.01,128.11
CON00045,2024-06-30,Term Life,2018,2018-Q4,15025.85,851.58,7696.71,154.47,0,77.46,0,7619.71,0,0.0411,266.71,398.96,144.89
CON00045,2024-09-30,Term Life,2018,2018-Q4,13550.01,868.28,7619.71,169.24,0,46.73,0,7497.2,0,0.0251,225.14,24.19,88.48
CON00045,2024-12-31,Term Life,2018,2018-Q4,13602.02,884.98,7497.2,176.03,0,79.9,0,7401.06,0,0.0437,243.07,0,153.96
CON00045,2025-03-31,Term Life,2018,2018-Q4,13638.37,901.68,7401.06,180.86,0,70.26,0,7290.46,0,0.0389,301.06,0,137.27
CON00045,2025-06-30,Term Life,2018,2018-Q4,13890.53,918.38,7290.46,124.52,0,47.63,0,7213.57,0,0.0266,279.02,19.22,93.78
CON00045,2025-09-30,Term Life,2018,2018-Q4,13882.12,935.07,7213.57,111.59,0,78.37,0,7180.35,0,0.0441,164.51,64.3,155.67
CON00045,2025-12-31,Term Life,2018,2018-Q4,14661.85,951.77,7180.35,174.04,0,82.26,0,7088.58,0,0.047,387.64,308.04,165.64
CON00046,2024-03-31,Term Life,2020,2020-Q2,43926.17,3067.11,29175.34,607.86,-478.73,289.95,2917.53,31296.24,0,0.0406,1015.19,470.56,450.29
CON00046,2024-06-30,Term Life,2020,2020-Q2,44964.86,3128.45,31296.24,650.22,0,213.12,0,30859.14,0,0.0278,1110.27,486,308.51
CON00046,2024-09-30,Term Life,2020,2020-Q2,44430.67,3189.79,30859.14,658.13,0,152.59,0,30353.6,0,0.0202,1009.9,528.89,224.15
CON00046,2024-12-31,Term Life,2020,2020-Q2,44439.09,3251.14,30353.6,725.51,0,349.53,0,29977.62,0,0.0472,1231.14,542.16,523.38
CON00046,2025-03-31,Term Life,2020,2020-Q2,45230.27,3312.48,29977.62,476.79,0,173.12,0,29673.95,0,0.0235,824.53,573.43,260.35
CON00046,2025-06-30,Term Life,2020,2020-Q2,43722.99,3373.82,29673.95,513.42,0,222.94,0,29383.46,0,0.0306,933.4,499.42,339.17
CON00046,2025-09-30,Term Life,2020,2020-Q2,44664.29,3435.16,29383.46,456.87,0,147.16,0,29073.75,0,0.0203,987.44,539.51,225.7
CON00046,2025-12-31,Term Life,2020,2020-Q2,44968.89,3496.51,29073.75,663.39,0,308.6,0,28718.95,0,0.0434,1156.38,75.79,481.89
CON00047,2024-03-31,Annuity,2020,2020-Q1,26615.25,3288.96,24973.53,606.41,0,185.76,2497.35,27050.23,0,0.0305,935.6,77.29,207.96
CON00047,2024-06-30,Annuity,2020,2020-Q1,27145.8,3354.74,27050.23,557.18,0,292.42,0,26785.47,0,0.0441,747.58,164.93,301.1
CON00047,2024-09-30,Annuity,2020,2020-Q1,27280.04,3420.51,26785.47,477.53,0,325.56,0,26633.51,0,0.0495,702.97,81.86,337.59
CON00047,2024-12-31,Annuity,2020,2020-Q1,26457.53,3486.29,26633.51,532.21,0,294.43,0,26395.72,0,0.0451,733.4,457.63,307.72
CON00047,2025-03-31,Annuity,2020,2020-Q1,27660.13,3552.07,26395.72,591.21,0,172.27,0,25976.78,0,0.0267,815.18,93.74,182.11
CON00047,2025-06-30,Annuity,2020,2020-Q1,26698.13,3617.85,25976.78,644.53,0,201.05,0,25533.3,0,0.0317,987.07,98.72,216.5
CON00047,2025-09-30,Annuity,2020,2020-Q1,26496.64,3683.63,25533.3,529.92,0,273.74,0,25277.12,0,0.0438,790.74,445.18,298.66
CON00047,2025-12-31,Annuity,2020,2020-Q1,28135.53,3749.41,25277.12,618.42,536.8,153.07,0,25348.57,0,0.0248,978.85,370.77,169.34
CON00048,2024-03-31,Annuity,2020,2020-Q4,32496.4,3257.85,10524.38,231.06,-630.68,120.42,1052.44,10835.49,0,0.0468,632.8,187.93,389.45
CON00048,2024-06-30,Annuity,2020,2020-Q4,33545.84,3323.01,10835.49,194.48,0,101.45,0,10742.46,0,0.0381,518.76,0,317.4
CON00048,2024-09-30,Annuity,2020,2020-Q4,32690.59,3388.16,10742.46,209.02,-12.09,60.36,0,10581.71,0,0.0229,487.86,426.46,190.76
CON00048,2024-12-31,Annuity,2020,2020-Q4,33562.8,3453.32,10581.71,250.65,-69.91,125.47,0,10386.62,0,0.0486,512.11,533.4,404.32
CON00048,2025-03-31,Annuity,2020,2020-Q4,32307.49,3518.48,10386.62,210.8,609.23,123.15,0,10908.2,0,0.0484,565.84,351.38,402.88
CON00048,2025-06-30,Annuity,2020,2020-Q4,33501.9,3583.63,10908.2,245.88,0,115.23,0,10777.55,0,0.0432,600.5,385.93,359.78
CON00048,2025-09-30,Annuity,2020,2020-Q4,34265.3,3648.79,10777.55,210.93,0,60.83,0,10627.46,0,0.023,558.24,419.6,191.65
CON00048,2025-12-31,Annuity,2020,2020-Q4,33654.15,3713.95,10627.46,172.52,-197.93,105.59,0,10362.6,0,0.0404,537.98,5.1,336.22
CON00049,2024-03-31,Term Life,2021,2021-Q1,44677.08,5660.71,7632.05,136.08,0,53.97,763.21,8313.15,0,0.0288,594.45,169.63,319.48
CON00049,2024-06-30,Term Life,2021,2021-Q1,43779.69,5773.92,8313.15,200.66,0,78.75,0,8191.25,0,0.0388,564.81,528.68,430.75
CON00049,2024-09-30,Term Life,2021,2021-Q1,44471.39,5887.13,8191.25,145.11,0,82.66,0,8128.8,0,0.0411,592.09,475.39,455.85
CON00049,2024-12-31,Term Life,2021,2021-Q1,44559.16,6000.35,8128.8,176.62,-708.65,93.19,0,7336.72,0,0.0469,631.08,416.06,520
CON00049,2025-03-31,Term Life,2021,2021-Q1,45302.53,6113.56,7336.72,156.66,0,72.01,0,7252.07,0,0.0401,584.19,366.88,445.03
CON00049,2025-06-30,Term Life,2021,2021-Q1,44761,6226.78,7252.07,166.2,0,39.32,0,7125.18,0,0.0222,679.76,404.88,246.2
CON00049,2025-09-30,Term Life,2021,2021-Q1,45052.59,6339.99,7125.18,132.04,0,87.11,0,7080.25,0,0.0498,530.61,339.36,552.7
CON00049,2025-12-31,Term Life,2021,2021-Q1,44980.95,6453.2,7080.25,149.43,0,85.84,0,7016.66,0,0.0495,678.35,353.32,549.56
CON00050,2024-03-31,Term Life,2024,2024-Q2,18200.32,920.51,11281.11,210.29,0,107.33,1128.11,12306.26,0,0.0388,374.11,0,177.91
CON00050,2024-06-30,Term Life,2024,2024-Q2,18827.6,938.92,12306.26,237.98,-428.32,100.67,0,11740.62,0,0.0334,477.13,47.56,153.08
CON00050,2024-09-30,Term Life,2024,2024-Q2,19331.89,957.33,11740.62,251.34,0,130.07,0,11619.35,0,0.0453,466.88,0,207.76
CON00050,2024-12-31,Term Life,2024,2024-Q2,18254.46,975.74,11619.35,234.32,0,109.45,0,11494.48,0,0.0385,373.21,425.57,176.43
CON00050,2025-03-31,Term Life,2024,2024-Q2,18703.25,994.15,11494.48,247.52,0,63.57,0,11310.53,0,0.0226,458.91,383.71,103.72
CON00050,2025-06-30,Term Life,2024,2024-Q2,17591.14,1012.56,11310.53,230.73,609.75,120.47,0,11810.02,0,0.0435,411.23,0,199.53
CON00050,2025-09-30,Term Life,2024,2024-Q2,18379.39,1030.97,11810.02,249.6,0,111.5,0,11671.91,0,0.0386,402.17,235.6,176.99
CON00050,2025-12-31,Term Life,2024,2024-Q2,17583.34,1049.38,11671.91,249.79,0,120.88,0,11543,0,0.0423,529.53,94.41,194.22
CON00051,2024-03-31,Whole Life,2019,2019-Q4,31817.17,4654.79,26587.31,473.44,0,270.88,2658.73,29043.49,0,0.0415,887.89,69.01,334.92
CON00051,2024-06-30,Whole Life,2019,2019-Q4,32014.48,4747.88,29043.49,501.42,0,320.2,0,28862.27,0,0.0449,913.99,438.22,362.23
CON00051,2024-09-30,Whole Life,2019,2019-Q4,33026.12,4840.98,28862.27,563.5,0,307.82,0,28606.58,0,0.0435,937.67,3.45,351.21
CON00051,2024-12-31,Whole Life,2019,2019-Q4,33131.64,4934.07,28606.58,559.73,-1067.04,330.22,0,27310.03,0,0.0471,976.74,422.37,380.16
CON00051,2025-03-31,Whole Life,2019,2019-Q4,32783,5027.17,27310.03,533.77,0,174.81,0,26951.06,0,0.0261,895.9,191.75,210.79
CON00051,2025-06-30,Whole Life,2019,2019-Q4,32757.3,5120.26,26951.06,595.65,0,188.13,0,26543.54,0,0.0286,893.91,96.84,230.48
CON00051,2025-09-30,Whole Life,2019,2019-Q4,32402.51,5213.36,26543.54,420.51,-1401.02,250.59,0,24972.6,0,0.0384,779.76,309.76,309.72
CON00051,2025-12-31,Whole Life,2019,2019-Q4,32750.45,5306.46,24972.6,495.49,0,228.36,0,24705.46,0,0.0373,837.76,124.02,301.23
CON00052,2024-03-31,Term Life,2020,2020-Q4,12928.16,890.24,13271.28,233.84,0,67.1,1327.13,14431.67,0,0.0206,342.84,146.81,66.92
CON00052,2024-06-30,Term Life,2020,2020-Q4,13303.97,908.05,14431.67,297.08,0,116.77,0,14251.35,0,0.033,486.88,0,107.42
CON00052,2024-09-30,Term Life,2020,2020-Q4,13154.61,925.85,14251.35,346.97,0,161.06,0,14065.45,0,0.0463,509.44,223.73,150.62
CON00052,2024-12-31,Term Life,2020,2020-Q4,13937.65,943.66,14065.45,317.14,0,94.5,0,13842.81,0,0.0275,405.98,47.84,89.38
CON00052,2025-03-31,Term Life,2020,2020-Q4,13920.39,961.46,13842.81,326.65,0,83.16,0,13599.32,0,0.0246,414.83,352.36,80
CON00052,2025-06-30,Term Life,2020,2020-Q4,13682.27,979.27,13599.32,293.96,0,81.37,0,13386.74,0,0.0245,389.5,0,79.52
CON00052,2025-09-30,Term Life,2020,2020-Q4,12899.42,997.07,13386.74,333.49,0,133.28,0,13186.52,0,0.0408,530.46,0,132.76
CON00052,2025-12-31,Term Life,2020,2020-Q4,13259.69,1014.88,13186.52,308.85,0,65.16,0,12942.83,0,0.0202,534.12,323.41,65.79
CON00053,2024-03-31,Term Life,2019,2019-Q2,38068.83,4971.99,28382.88,469.44,1099.06,214.53,2838.29,32065.33,0,0.0307,930.25,104.21,297.05
CON00053,2024-06-30,Term Life,2019,2019-Q2,39151.23,5071.43,32065.33,635.9,0,344.2,0,31773.63,0,0.0438,925.08,428.26,423.27
CON00053,2024-09-30,Term Life,2019,2019-Q2,38027.07,5170.87,31773.63,556.02,0,257.04,0,31474.64,0,0.0329,996.41,73.89,318.23
CON00053,2024-12-31,Term Life,2019,2019-Q2,37727.17,5270.31,31474.64,490.17,0,191.83,0,31176.31,0,0.0248,832.94,21.98,239.29
CON00053,2025-03-31,Term Life,2019,2019-Q2,37801.97,5369.75,31176.31,705.6,0,242.32,0,30713.04,0,0.0318,1102.43,360.43,307.37
CON00053,2025-06-30,Term Life,2019,2019-Q2,39603.63,5469.19,30713.04,749.42,0,199.24,0,30162.85,0,0.0266,1123.32,365.01,256.99
CON00053,2025-09-30,Term Life,2019,2019-Q2,39136.92,5568.63,30162.85,606.29,0,238.99,0,29795.55,0,0.0323,922.06,508.98,312.51
CON00053,2025-12-31,Term Life,2019,2019-Q2,38254.5,5668.06,29795.55,706.08,0,154.85,0,29244.31,0,0.0213,1137.46,253.42,205.73
CON00054,2024-03-31,Term Life,2022,2022-Q4,46467.02,2832.04,19965.01,489.94,0,134.36,1996.5,21605.94,0,0.0276,1054.38,369.94,325.89
CON00054,2024-06-30,Term Life,2022,2022-Q4,47963.99,2888.68,21605.94,355.47,-1297.19,210.86,0,20164.14,0,0.0397,845.14,664.62,468.7
CON00054,2024-09-30,Term Life,2022,2022-Q4,46926.78,2945.32,20164.14,475.86,0,114.73,0,19803,0,0.0233,1005.89,670.7,275.25
CON00054,2024-12-31,Term Life,2022,2022-Q4,46431.48,3001.96,19803,411.92,0,128.47,0,19519.56,0,0.0265,931.84,621.37,312.94
CON00054,2025-03-31,Term Life,2022,2022-Q4,47554.07,3058.61,19519.56,293.82,-1150.06,174.58,0,18250.27,0,0.0363,760.55,361.34,428.93
CON00054,2025-06-30,Term Life,2022,2022-Q4,48002.7,3115.25,18250.27,376.54,0,190.35,0,18064.08,0,0.0426,883.52,199.65,503.04
CON00054,2025-09-30,Term Life,2022,2022-Q4,46310.74,3171.89,18064.08,432.68,-187.18,102.95,0,17547.16,0,0.0234,949.61,283.52,275.82
CON00054,2025-12-31,Term Life,2022,2022-Q4,47601.62,3228.53,17547.16,284.61,0,88.79,0,17351.34,0,0.0206,807.58,555.49,242.95
CON00055,2024-03-31,Term Life,2020,2020-Q2,14128.52,1351.8,25167.9,546.41,2344.24,260.46,2516.79,29742.97,0,0.0423,660.67,49.29,148.31
CON00055,2024-06-30,Term Life,2020,2020-Q2,14060.95,1378.84,29742.97,507.48,0,221.78,0,29457.27,0,0.0303,680.29,0,106.35
CON00055,2024-09-30,Term Life,2020,2020-Q2,14339.89,1405.88,29457.27,680.95,0,166.46,0,28942.79,0,0.0231,870.16,0,81.1
CON00055,2024-12-31,Term Life,2020,2020-Q2,13022.99,1432.91,28942.79,466.53,0,305.09,0,28781.34,0,0.0429,535.66,382.68,150.2
CON00055,2025-03-31,Term Life,2020,2020-Q2,14873.88,1459.95,28781.34,671.87,1692.11,337.16,0,30138.74,0,0.048,811.03,77.97,168.16
CON00055,2025-06-30,Term Life,2020,2020-Q2,14895.23,1486.99,30138.74,466.45,0,225.21,0,29897.5,0,0.0304,598,0,106.41
CON00055,2025-09-30,Term Life,2020,2020-Q2,14659.79,1514.02,29897.5,521.46,0,159.65,0,29535.69,0,0.0217,686.52,216.07,76.19
CON00055,2025-12-31,Term Life,2020,2020-Q2,13965.49,1541.06,29535.69,614.27,0,295.31,0,29216.73,0,0.0408,662.43,148.25,143.15
CON00056,2024-03-31,Term Life,2019,2019-Q2,47878.49,3314.65,13387.66,300.25,-416.54,144.25,1338.77,14153.89,0,0.0441,764.68,447.31,532.19
CON00056,2024-06-30,Term Life,2019,2019-Q2,49188.12,3380.95,14153.89,343.56,0,81.39,0,13891.72,0,0.0236,879.11,268.76,284.56
CON00056,2024-09-30,Term Life,2019,2019-Q2,49249.34,3447.24,13891.72,319.1,954.51,125.57,0,14652.69,0,0.037,798.93,316.82,446.7
CON00056,2024-12-31,Term Life,2019,2019-Q2,48632.25,3513.53,14652.69,317.71,967.39,85.04,0,15387.41,0,0.0237,824.87,525.55,286.45
CON00056,2025-03-31,Term Life,2019,2019-Q2,47514.03,3579.83,15387.41,294.67,0,182.57,0,15275.32,0,0.0484,807.12,376.88,584.09
CON00056,2025-06-30,Term Life,2019,2019-Q2,48116.15,3646.12,15275.32,258.93,0,164.12,0,15180.51,0,0.0437,767.56,475.27,527.73
CON00056,2025-09-30,Term Life,2019,2019-Q2,47833.3,3712.41,15180.51,275.9,0,114.34,0,15018.95,0,0.0307,790.94,196.66,370.41
CON00056,2025-12-31,Term Life,2019,2019-Q2,48741.8,3778.7,15018.95,368.63,0,79.16,0,14729.48,0,0.0216,759.4,454.32,260.9
CON00057,2024-03-31,Term Life,2019,2019-Q3,15715.52,1861.95,24956.92,517.39,0,301.34,2495.69,27236.56,0,0.0493,667.63,0,199.54
CON00057,2024-06-30,Term Life,2019,2019-Q3,16908.31,1899.19,27236.56,505.64,742.74,319.9,0,27793.55,0,0.0479,595.07,420.57,193.68
CON00057,2024-09-30,Term Life,2019,2019-Q3,16559.57,1936.43,27793.55,617.97,0,231.11,0,27406.69,0,0.034,794.54,0,137.63
CON00057,2024-12-31,Term Life,2019,2019-Q3,16520.23,1973.67,27406.69,639.56,0,193.04,0,26960.17,0,0.0288,857.45,207.12,116.71
CON00057,2025-03-31,Term Life,2019,2019-Q3,15919.41,2010.9,26960.17,479.74,0,321.67,0,26802.1,0,0.0486,613.81,414.32,196.59
CON00057,2025-06-30,Term Life,2019,2019-Q3,16035.49,2048.14,26802.1,610.64,2089.83,263.95,0,28545.24,0,0.0403,696.7,137.99,163.09
CON00057,2025-09-30,Term Life,2019,2019-Q3,16368.28,2085.38,28545.24,614.11,0,235.76,0,28166.89,0,0.0338,734.82,6.16,136.6
CON00057,2025-12-31,Term Life,2019,2019-Q3,16387.76,2122.62,28166.89,493.12,0,292.71,0,27966.48,0,0.0423,557.18,67.08,171.17
CON00058,2024-03-31,Annuity,2021,2021-Q2,42003.29,2983.19,11482.67,235.98,0,89.41,1148.27,12484.37,0,0.0318,622.54,487.68,336.13
CON00058,2024-06-30,Annuity,2021,2021-Q2,41468.43,3042.85,12484.37,262.74,0,112.24,0,12333.88,0,0.0367,776.44,149.04,388.29
CON00058,2024-09-30,Annuity,2021,2021-Q2,41683.29,3102.52,12333.88,279.21,0,92.72,0,12147.38,0,0.0308,693.06,529.73,325.19
CON00058,2024-12-31,Annuity,2021,2021-Q2,42743.78,3162.18,12147.38,256.41,0,130.38,0,12021.35,0,0.0439,698.3,250.38,463.59
CON00058,2025-03-31,Annuity,2021,2021-Q2,42098.69,3221.85,12021.35,260.36,0,92.15,0,11853.14,0,0.0313,755.93,487.28,331.28
CON00058,2025-06-30,Annuity,2021,2021-Q2,42011.29,3281.51,11853.14,290.94,0,83.25,0,11645.44,0,0.0288,720.64,108.5,304.43
CON00058,2025-09-30,Annuity,2021,2021-Q2,43125.28,3341.17,11645.44,201.32,0,81.04,0,11525.17,0,0.0283,652.81,145.44,299.41
CON00058,2025-12-31,Annuity,2021,2021-Q2,42940.89,3400.84,11525.17,272.55,0,122.55,0,11375.16,0,0.0436,712.27,472.03,460.46
CON00059,2024-03-31,Whole Life,2019,2019-Q1,41893.3,3110.86,26566.67,557.65,0,286.91,2656.67,28952.6,0,0.0441,911.6,354.02,456.84
CON00059,2024-06-30,Whole Life,2019,2019-Q1,40948.01,3173.08,28952.6,534.17,0,315.84,0,28734.27,0,0.0445,964.03,389.53,460.26
CON00059,2024-09-30,Whole Life,2019,2019-Q1,42147.2,3235.3,28734.27,458.11,0,345.63,0,28621.8,0,0.0489,818.62,410.19,506.21
CON00059,2024-12-31,Whole Life,2019,2019-Q1,41333.27,3297.51,28621.8,671.91,2507.15,220.94,0,30677.98,0,0.0316,1028.31,162.54,327.36
CON00059,2025-03-31,Whole Life,2019,2019-Q1,42063.59,3359.73,30677.98,471.66,0,367.38,0,30573.69,0,0.0486,808.04,318.34,503.68
CON00059,2025-06-30,Whole Life,2019,2019-Q1,41371.55,3421.95,30573.69,551.89,-173.27,328.64,0,30177.17,0,0.0438,914.55,572.12,453.33
CON00059,2025-09-30,Whole Life,2019,2019-Q1,41167.72,3484.17,30177.17,655.15,0,249.04,0,29771.06,0,0.0337,1083.47,276.88,349.35
CON00059,2025-12-31,Whole Life,2019,2019-Q1,41043.42,3546.38,29771.06,678.6,0,291.14,0,29383.6,0,0.04,1182.57,582,414.44
CON00060,2024-03-31,Term Life,2021,2021-Q3,41355.25,5215.72,29613.04,591.07,0,327.07,2961.3,32310.34,0,0.0451,1010.95,202.18,462.69
CON00060,2024-06-30,Term Life,2021,2021-Q3,41148.53,5320.03,32310.34,493.79,0,215.61,0,32032.15,0,0.0271,916.7,584.26,278.22
CON00060,2024-09-30,Term Life,2021,2021-Q3,41781.43,5424.34,32032.15,789.73,0,345.34,0,31587.76,0,0.0442,1244.65,152.96,453.81
CON00060,2024-12-31,Term Life,2021,2021-Q3,40539.81,5528.66,31587.76,771.34,0,213.37,0,31029.79,0,0.0277,1264.62,52.12,284.26
CON00060,2025-03-31,Term Life,2021,2021-Q3,41097.86,5632.97,31029.79,674.12,0,279.31,0,30634.97,0,0.0368,1178.71,511.49,377.77
CON00060,2025-06-30,Term Life,2021,2021-Q3,41143.48,5737.29,30634.97,678.9,0,336.85,0,30292.92,0,0.045,1111.84,159.54,461.67
CON00060,2025-09-30,Term Life,2021,2021-Q3,40531.75,5841.6,30292.92,735.89,2488.34,239.38,0,32284.74,0,0.0324,1126.15,198.45,332.5
CON00060,2025-12-31,Term Life,2021,2021-Q3,41900.75,5945.92,32284.74,634.56,0,375.57,0,32025.76,0,0.0475,1085.24,242.72,487.18
CON00061,2024-03-31,Annuity,2020,2020-Q2,47884.54,2786.3,18755.68,395.36,0,173.6,1875.57,20409.49,0,0.0378,832.65,315.77,445.7
CON00061,2024-06-30,Annuity,2020,2020-Q2,46372.49,2842.03,20409.49,434.27,0,138.78,0,20114,0,0.0278,935.98,383.18,327.51
CON00061,2024-09-30,Annuity,2020,2020-Q2,48077.86,2897.75,20114,460.45,0,233.26,0,19886.81,0,0.0475,924.3,278.85,559.48
CON00061,2024-12-31,Annuity,2020,2020-Q2,47682.66,2953.48,19886.81,351.82,0,189.64,0,19724.63,0,0.0388,788.23,308.45,457.62
CON00061,2025-03-31,Annuity,2020,2020-Q2,46307.72,3009.2,19724.63,372.72,0,206.73,0,19558.64,0,0.0427,869.56,522.55,503.58
CON00061,2025-06-30,Annuity,2020,2020-Q2,47105.87,3064.93,19558.64,472.94,0,170.1,0,19255.8,0,0.0356,875.86,177.7,420.13
CON00061,2025-09-30,Annuity,2020,2020-Q2,46465.81,3120.66,19255.8,364.4,0,103.42,0,18994.83,0,0.0219,773.37,670.28,258.07
CON00061,2025-12-31,Annuity,2020,2020-Q2,46819.6,3176.38,18994.83,427.81,0,113.69,0,18680.7,0,0.0245,908.9,585.46,288.64
CON00062,2024-03-31,Term Life,2024,2024-Q1,41364.76,4536.48,20202.29,447.52,0,219.19,2020.23,21994.19,0,0.0444,918.97,484.76,454.86
CON00062,2024-06-30,Term Life,2024,2024-Q1,41968.71,4627.21,21994.19,540.43,-1579.71,214.21,0,20088.26,0,0.0399,856.08,406.06,409.32
CON00062,2024-09-30,Term Life,2024,2024-Q1,40785.47,4717.94,20088.26,376.01,0,209.36,0,19921.62,0,0.0425,793.55,586.75,435.39
CON00062,2024-12-31,Term Life,2024,2024-Q1,41811.7,4808.67,19921.62,386,341.04,107.79,0,19984.44,0,0.0221,797.8,391.13,226.19
CON00062,2025-03-31,Term Life,2024,2024-Q1,41082.03,4899.4,19984.44,416.11,0,129.02,0,19697.36,0,0.0264,755.37,388.35,270.3
CON00062,2025-06-30,Term Life,2024,2024-Q1,41231.21,4990.13,19697.36,402.05,0,169.68,0,19464.99,0,0.0352,832.52,251.51,360.5
CON00062,2025-09-30,Term Life,2024,2024-Q1,40407.11,5080.86,19464.99,293.83,-523.54,205.58,0,18853.2,0,0.0429,635.97,253.77,439.58
CON00062,2025-12-31,Term Life,2024,2024-Q1,40036.18,5171.59,18853.2,408.97,0,149.01,0,18593.24,0,0.0323,849.56,284.5,331.19
CON00063,2024-03-31,Annuity,2019,2019-Q3,21227.15,1155.1,22257.18,498.13,0,262.1,2225.72,24246.87,0,0.0482,618.76,0,250.75
CON00063,2024-06-30,Annuity,2019,2019-Q3,21597.44,1178.2,24246.87,570.52,0,195.87,0,23872.21,0,0.0331,829.84,86.32,172.21
CON00063,2024-09-30,Annuity,2019,2019-Q3,21328.62,1201.31,23872.21,406.22,2038.52,248.53,0,25753.04,0,0.0424,643.77,413.88,220.48
CON00063,2024-12-31,Annuity,2019,2019-Q3,20173.37,1224.41,25753.04,407.03,0,197.99,0,25544,0,0.0312,654.8,33.41,162.62
CON00063,2025-03-31,Annuity,2019,2019-Q3,21796.22,1247.51,25544,543.03,-1965.12,249.12,0,23284.97,0,0.0399,809.14,133.9,207.43
CON00063,2025-06-30,Annuity,2019,2019-Q3,21793.3,1270.61,23284.97,554.07,0,180.61,0,22911.51,0,0.0318,831.42,389.66,165.4
CON00063,2025-09-30,Annuity,2019,2019-Q3,20952.05,1293.71,22911.51,350.31,0,208.15,0,22769.35,0,0.0369,623.22,206.29,192.06
CON00063,2025-12-31,Annuity,2019,2019-Q3,20816.57,1316.82,22769.35,558.96,0,248.17,0,22458.56,0,0.0447,683.8,103.31,232.61
CON00064,2024-03-31,Whole Life,2024,2024-Q4,43237.92,5012.13,19992.1,357.25,0,185.55,1999.21,21819.61,0,0.0378,748.11,236.09,416.21
CON00064,2024-06-30,Whole Life,2024,2024-Q4,44176.22,5112.37,21819.61,467.79,0,191.45,0,21543.27,0,0.0359,954.95,252.04,394.91
CON00064,2024-09-30,Whole Life,2024,2024-Q4,43648.17,5212.62,21543.27,494.08,0,234.05,0,21283.24,0,0.0445,1028.87,110.68,489.74
CON00064,2024-12-31,Whole Life,2024,2024-Q4,43520.94,5312.86,21283.24,383.19,0,211.77,0,21111.82,0,0.0405,807.63,569.47,446.27
CON00064,2025-03-31,Whole Life,2024,2024-Q4,44764.27,5413.1,21111.82,388.08,0,257.45,0,20981.19,0,0.0497,863.01,336.48,547.15
CON00064,2025-06-30,Whole Life,2024,2024-Q4,44066.09,5513.34,20981.19,478.48,0,180.03,0,20682.73,0,0.0351,822.85,539.61,386.73
CON00064,2025-09-30,Whole Life,2024,2024-Q4,43089.24,5613.59,20682.73,429.33,0,150.71,0,20404.11,0,0.0298,807.35,95.64,327.73
CON00064,2025-12-31,Whole Life,2024,2024-Q4,44875.18,5713.83,20404.11,502.98,0,147.23,0,20048.36,0,0.0296,999.52,219.41,325.83
CON00065,2024-03-31,Whole Life,2024,2024-Q4,49145.65,5959.36,21675.41,426.69,1411.45,147.59,2167.54,24975.29,0,0.0278,874.64,434.9,335.94
CON00065,2024-06-30,Whole Life,2024,2024-Q4,48931.27,6078.55,24975.29,431.62,-925.67,279.57,0,23897.57,0,0.0456,967.97,186.65,550.91
CON00065,2024-09-30,Whole Life,2024,2024-Q4,48462.13,6197.74,23897.57,376.27,0,267.75,0,23789.04,0,0.0455,876.26,357.52,550.56
CON00065,2024-12-31,Whole Life,2024,2024-Q4,49090.2,6316.92,23789.04,478.77,-2016.73,134.86,0,21428.41,0,0.0231,885.07,651.49,279.82
CON00065,2025-03-31,Whole Life,2024,2024-Q4,48342.74,6436.11,21428.41,364.67,2084.94,254.51,0,23403.18,0,0.0483,874.03,193.38,584.38
CON00065,2025-06-30,Whole Life,2024,2024-Q4,49181.23,6555.3,23403.18,403.98,0,271.86,0,23271.05,0,0.0473,836.39,274.7,571.69
CON00065,2025-09-30,Whole Life,2024,2024-Q4,48937.7,6674.49,23271.05,439.15,0,122.89,0,22954.79,0,0.0215,898.09,501.59,260.33
CON00065,2025-12-31,Whole Life,2024,2024-Q4,49355.49,6793.67,22954.79,532.14,0,171.19,0,22593.84,0,0.0305,1025.16,567.64,369.26
CON00066,2024-03-31,Whole Life,2020,2020-Q3,18029.46,1597.29,7061.6,166.69,152.44,81.66,706.16,7835.17,0,0.0474,271.77,139.82,223.17
CON00066,2024-06-30,Whole Life,2020,2020-Q3,18084.88,1629.24,7835.17,172.62,0,86.03,0,7748.58,0,0.0449,358.71,218.36,211.54
CON00066,2024-09-30,Whole Life,2020,2020-Q3,19076.14,1661.18,7748.58,163.12,238.53,87.49,0,7911.48,0,0.0461,303.63,327.69,217.32
CON00066,2024-12-31,Whole Life,2020,2020-Q3,19319.44,1693.13,7911.48,147.22,0,42.57,0,7806.83,0,0.0219,411.14,0,103.3
CON00066,2025-03-31,Whole Life,2020,2020-Q3,19700.24,1725.07,7806.83,189.29,0,73.81,0,7691.34,0,0.0388,278.72,381.83,182.57
CON00066,2025-06-30,Whole Life,2020,2020-Q3,18445.81,1757.02,7691.34,135.52,0,49.11,0,7604.93,0,0.026,308.78,93.63,122.46
CON00066,2025-09-30,Whole Life,2020,2020-Q3,19632.58,1788.96,7604.93,188.16,0,79.67,0,7496.44,0,0.043,454.78,0,202.4
CON00066,2025-12-31,Whole Life,2020,2020-Q3,18108.64,1820.91,7496.44,139.14,0,91.32,0,7448.62,0,0.0496,370.8,143.67,233.87
CON00067,2024-03-31,Term Life,2020,2020-Q3,26807.09,3994.28,15330.35,266.98,0,105.13,1533.04,16701.54,0,0.0279,567.4,460.01,187.54
CON00067,2024-06-30,Term Life,2020,2020-Q3,27378.21,4074.16,16701.54,337.12,0,108.55,0,16472.98,0,0.0265,583.85,290.05,178.24
CON00067,2024-09-30,Term Life,2020,2020-Q3,27813.48,4154.05,16472.98,351.54,0,111.25,0,16232.68,0,0.0276,599.59,209.55,185.42
CON00067,2024-12-31,Term Life,2020,2020-Q3,26770.06,4233.93,16232.68,302.08,0,118.72,0,16049.33,0,0.0298,547.63,8.26,200.26
CON00067,2025-03-31,Term Life,2020,2020-Q3,27536.07,4313.82,16049.33,354.52,0,105.46,0,15800.26,0,0.0269,663.67,116.66,180.55
CON00067,2025-06-30,Term Life,2020,2020-Q3,26780.3,4393.7,15800.26,363.14,0,177.85,0,15614.97,0,0.0461,630.25,83.16,309.57
CON00067,2025-09-30,Term Life,2020,2020-Q3,27056.19,4473.59,15614.97,286.49,0,168.53,0,15497.01,0,0.044,555.69,116.91,295.43
CON00067,2025-12-31,Term Life,2020,2020-Q3,26966.78,4553.48,15497.01,364.46,0,107,0,15239.55,0,0.0283,716.66,299.54,190
CON00068,2024-03-31,Whole Life,2021,2021-Q2,43932,3366.52,11040.25,200.79,0,131.75,1104.03,12075.24,0,0.0486,644.19,626.73,545.39
CON00068,2024-06-30,Whole Life,2021,2021-Q2,45338.66,3433.85,12075.24,244.36,-235.3,113.78,0,11709.36,0,0.0385,717.35,658.65,431.51
CON00068,2024-09-30,Whole Life,2021,2021-Q2,44581.23,3501.18,11709.36,226.78,0,142.57,0,11625.15,0,0.0497,586.32,406.41,557.11
CON00068,2024-12-31,Whole Life,2021,2021-Q2,44343.16,3568.51,11625.15,269.46,0,134.48,0,11490.17,0,0.0474,635.07,268.03,531.37
CON00068,2025-03-31,Whole Life,2021,2021-Q2,45238.99,3635.84,11490.17,267.48,0,64.39,0,11287.07,0,0.0229,657.67,414.85,257.43
CON00068,2025-06-30,Whole Life,2021,2021-Q2,45866.81,3703.17,11287.07,177.69,0,133.31,0,11242.69,0,0.048,556.98,460.97,538.42
CON00068,2025-09-30,Whole Life,2021,2021-Q2,45381.08,3770.5,11242.69,249.83,0,122.58,0,11115.43,0,0.0446,791,141.28,500.32
CON00068,2025-12-31,Whole Life,2021,2021-Q2,45776.35,3837.83,11115.43,199.27,0,64.32,0,10980.48,0,0.0236,611.24,238.32,264.39
CON00069,2024-03-31,Term Life,2024,2024-Q4,22859.55,2755.58,25666.99,438.01,-2046.75,257.2,2566.7,26006.14,0,0.0408,631.78,208.22,226.21
CON00069,2024-06-30,Term Life,2024,2024-Q4,22030.38,2810.7,26006.14,427.8,0,223.71,0,25802.04,0,0.035,622.41,118.17,194.07
CON00069,2024-09-30,Term Life,2024,2024-Q4,22895.78,2865.81,25802.04,503.73,0,287,0,25585.32,0,0.0454,721.97,0,251.73
CON00069,2024-12-31,Term Life,2024,2024-Q4,22892.55,2920.92,25585.32,574.59,0,252.19,0,25262.92,0,0.0403,828.46,284.35,223.74
CON00069,2025-03-31,Term Life,2024,2024-Q4,22136.14,2976.03,25262.92,620.14,0,284.91,0,24927.68,0,0.0462,777.4,126.66,256.54
CON00069,2025-06-30,Term Life,2024,2024-Q4,22810.39,3031.14,24927.68,482.48,0,219.93,0,24665.13,0,0.036,782.88,445.32,199.63
CON00069,2025-09-30,Term Life,2024,2024-Q4,22801.7,3086.25,24665.13,463.91,0,184.34,0,24385.56,0,0.0305,674.77,0,169.01
CON00069,2025-12-31,Term Life,2024,2024-Q4,22564.01,3141.37,24385.56,552.68,-2411.42,202.46,0,21623.92,0,0.034,806.29,328.55,188.5
CON00070,2024-03-31,Annuity,2022,2022-Q2,26828.93,2045.75,8793.08,195.88,0,77.76,879.31,9554.28,0,0.0362,480.87,356.66,239.63
CON00070,2024-06-30,Annuity,2022,2022-Q2,25828.31,2086.67,9554.28,226.06,0,71.24,0,9399.45,0,0.0305,481.61,193.8,202.33
CON00070,2024-09-30,Annuity,2022,2022-Q2,27089.84,2127.58,9399.45,198.17,-851.6,110.27,0,8459.94,0,0.0479,435.33,81.55,317.48
CON00070,2024-12-31,Annuity,2022,2022-Q2,26564.63,2168.5,8459.94,199.48,0,93.95,0,8354.41,0,0.0455,370.7,0,301.33
CON00070,2025-03-31,Annuity,2022,2022-Q2,26108.32,2209.41,8354.41,132.21,0,96.48,0,8318.68,0,0.0469,440.81,92.8,310.87
CON00070,2025-06-30,Annuity,2022,2022-Q2,25958.38,2250.33,8318.68,165.41,0,46.89,0,8200.16,0,0.023,439.17,497.79,152.35
CON00070,2025-09-30,Annuity,2022,2022-Q2,26098.67,2291.24,8200.16,144.19,0,98.4,0,8154.36,0,0.0489,414.47,60.17,323.59
CON00070,2025-12-31,Annuity,2022,2022-Q2,26144.47,2332.16,8154.36,156.69,0,66.21,0,8063.88,0,0.0331,423.91,364.9,219.31
CON00071,2024-03-31,Whole Life,2024,2024-Q4,31319.62,4457.2,12718.76,195.1,1024.93,85.15,1271.88,14905.62,0,0.0272,500.23,355.08,210.24
CON00071,2024-06-30,Whole Life,2024,2024-Q4,31084.61,4546.34,14905.62,228.56,1166.16,100.4,0,15943.62,0,0.0274,610.85,530.38,211.52
CON00071,2024-09-30,Whole Life,2024,2024-Q4,30339.39,4635.49,15943.62,375.45,-1407.04,107.19,0,14268.32,0,0.0275,617.63,234.05,212.9
CON00071,2024-12-31,Whole Life,2024,2024-Q4,30088.83,4724.63,14268.32,265.03,0,102.42,0,14105.71,0,0.0293,668.3,276.06,226.16
CON00071,2025-03-31,Whole Life,2024,2024-Q4,30796.35,4813.77,14105.71,337.19,199.9,172.09,0,14140.51,0,0.05,599.96,146.75,386.47
CON00071,2025-06-30,Whole Life,2024,2024-Q4,31071.43,4902.92,14140.51,326.1,0,82.96,0,13897.37,0,0.024,707.11,531.51,185.69
CON00071,2025-09-30,Whole Life,2024,2024-Q4,31289.38,4992.06,13897.37,320.22,0,87.83,0,13664.99,0,0.0259,669.24,442.05,200.03
CON00071,2025-12-31,Whole Life,2024,2024-Q4,31295.18,5081.21,13664.99,219.88,0,129.39,0,13574.49,0,0.0385,519.07,0,297.56
CON00072,2024-03-31,Annuity,2023,2023-Q2,35662.07,4583.17,6280.55,130.98,0,61.35,628.06,6838.98,0,0.0399,549.16,217.55,364.28
CON00072,2024-06-30,Annuity,2023,2023-Q2,37169.63,4674.83,6838.98,169.63,0,45.77,0,6715.12,0,0.0275,511.33,50.08,250.6
CON00072,2024-09-30,Annuity,2023,2023-Q2,37120.68,4766.5,6715.12,157.72,0,60.18,0,6617.57,0,0.0367,545.5,388.18,335.1
CON00072,2024-12-31,Annuity,2023,2023-Q2,36746.38,4858.16,6617.57,146.45,0,74.41,0,6545.53,0,0.046,413.57,285.11,419.91
CON00072,2025-03-31,Annuity,2023,2023-Q2,36777.15,4949.82,6545.53,157.91,0,32.23,0,6419.85,0,0.0202,524.53,461.06,184.22
CON00072,2025-06-30,Annuity,2023,2023-Q2,36661.5,5041.49,6419.85,129.15,0,43.79,0,6334.48,0,0.0278,557.1,526.02,254.18
CON00072,2025-09-30,Annuity,2023,2023-Q2,37412.66,5133.15,6334.48,113.72,0,43.7,0,6264.46,0,0.0281,529.85,61.92,256.52
CON00072,2025-12-31,Annuity,2023,2023-Q2,36437.29,5224.82,6264.46,149.32,0,46.56,0,6161.7,0,0.0305,614.36,448.38,278.01
CON00073,2024-03-31,Whole Life,2022,2022-Q1,23840.42,2006.33,25841.35,607.19,0,272.95,2584.14,28091.25,0,0.0433,848.86,208.58,255.58
CON00073,2024-06-30,Whole Life,2022,2022-Q1,23697.45,2046.45,28091.25,521.39,0,164,0,27733.86,0,0.0238,756.55,183.02,140.55
CON00073,2024-09-30,Whole Life,2022,2022-Q1,24260.79,2086.58,27733.86,670.01,0,333.26,0,27397.1,0,0.0493,853.54,85.19,290.95
CON00073,2024-12-31,Whole Life,2022,2022-Q1,23442.73,2126.71,27397.1,651.06,0,149.6,0,26895.64,0,0.0224,795.86,20.34,132.16
CON00073,2025-03-31,Whole Life,2022,2022-Q1,24464.76,2166.83,26895.64,638.27,-43.24,217.27,0,26431.4,0,0.0331,835.55,45.2,195.51
CON00073,2025-06-30,Whole Life,2022,2022-Q1,23192.09,2206.96,26431.4,638.63,0,305.65,0,26098.42,0,0.0474,883.55,422.56,280
CON00073,2025-09-30,Whole Life,2022,2022-Q1,22696.44,2247.08,26098.42,603.23,0,267.43,0,25762.62,0,0.042,935.36,435.65,247.85
CON00073,2025-12-31,Whole Life,2022,2022-Q1,23977.72,2287.21,25762.62,433.9,0,293.84,0,25622.55,0,0.0464,659.45,156.32,274.11
CON00074,2024-03-31,Whole Life,2018,2018-Q1,38941.54,2239.17,23162,565.08,0,205.5,2316.2,25118.61,0,0.0364,897.67,284.76,350.48
CON00074,2024-06-30,Whole Life,2018,2018-Q1,38819.72,2283.95,25118.61,391.08,0,144.53,0,24872.06,0,0.0234,825.95,353.32,225.26
CON00074,2024-09-30,Whole Life,2018,2018-Q1,38293.24,2328.74,24872.06,390.09,0,213.47,0,24695.44,0,0.0349,836.92,182.5,336.04
CON00074,2024-12-31,Whole Life,2018,2018-Q1,38957.38,2373.52,24695.44,606.14,0,161.29,0,24250.59,0,0.0268,897.32,438.56,258.04
CON00074,2025-03-31,Whole Life,2018,2018-Q1,39193.19,2418.3,24250.59,479.23,0,120.89,0,23892.24,0,0.0203,867.56,210.42,195.99
CON00074,2025-06-30,Whole Life,2018,2018-Q1,38474.94,2463.09,23892.24,520.23,0,151.58,0,23523.59,0,0.0259,883.21,479.34,249.94
CON00074,2025-09-30,Whole Life,2018,2018-Q1,38020.94,2507.87,23523.59,494.2,2335.48,154.93,0,25519.8,0,0.0269,930.63,508.85,259.28
CON00074,2025-12-31,Whole Life,2018,2018-Q1,39459.73,2552.65,25519.8,581.59,0,173.34,0,25111.55,0,0.0278,1048.93,38.3,267.88
CON00075,2024-03-31,Term Life,2020,2020-Q2,18509.16,2368.33,14532.89,233.37,0,129.37,1453.29,15882.18,0,0.0362,446,275.44,174.28
CON00075,2024-06-30,Term Life,2020,2020-Q2,18733.72,2415.7,15882.18,323.8,-294.34,79.85,0,15343.89,0,0.0205,441.28,0,98.87
CON00075,2024-09-30,Term Life,2020,2020-Q2,19804.24,2463.07,15343.89,379.41,811.49,113.77,0,15889.75,0,0.0304,486.82,0,146.46
CON00075,2024-12-31,Term Life,2020,2020-Q2,19623.24,2510.43,15889.75,245.69,-19.27,158.47,0,15783.26,0,0.0405,380.36,300.72,195.14
CON00075,2025-03-31,Term Life,2020,2020-Q2,19505.19,2557.8,15783.26,342.51,0,106.23,0,15546.97,0,0.0275,490.19,80.13,132.53
CON00075,2025-06-30,Term Life,2020,2020-Q2,20222.27,2605.17,15546.97,347.71,-418.58,97.59,0,14878.27,0,0.0257,495.31,44.89,123.69
CON00075,2025-09-30,Term Life,2020,2020-Q2,20037.57,2652.53,14878.27,313.29,915.59,151.14,0,15631.71,0,0.0415,560.37,428.07,199.9
CON00075,2025-12-31,Term Life,2020,2020-Q2,19531.1,2699.9,15631.71,306.18,0,76.87,0,15402.41,0,0.0201,596.29,442.63,96.63
CON00076,2024-03-31,Term Life,2020,2020-Q3,36743.61,5473.35,8130.39,172.8,0,54.04,813.04,8824.67,0,0.0272,489.47,165.18,253.05
CON00076,2024-06-30,Term Life,2020,2020-Q3,37460.63,5582.82,8824.67,134.86,555.33,94.57,0,9339.72,0,0.0435,544.49,489.1,405.53
CON00076,2024-09-30,Term Life,2020,2020-Q3,37448.06,5692.28,9339.72,230.75,0,111.54,0,9220.51,0,0.049,694.38,480.47,456.29
CON00076,2024-12-31,Term Life,2020,2020-Q3,37087.56,5801.75,9220.51,167.73,0,68.02,0,9120.8,0,0.0301,555.82,111.5,279.99
CON00076,2025-03-31,Term Life,2020,2020-Q3,38149.8,5911.22,9120.8,221.86,0,99.59,0,8998.53,0,0.0448,625.49,140.44,417
CON00076,2025-06-30,Term Life,2020,2020-Q3,38104.47,6020.69,8998.53,176.94,0,50.39,0,8871.99,0,0.0228,602.87,497.15,212.86
CON00076,2025-09-30,Term Life,2020,2020-Q3,37662.34,6130.15,8871.99,173.56,0,59.49,0,8757.92,0,0.0274,628.53,53.06,254.86
CON00076,2025-12-31,Term Life,2020,2020-Q3,36313.84,6239.62,8757.92,182.05,0,83.24,0,8659.11,0,0.0388,456.03,351.79,361.67
CON00077,2024-03-31,Annuity,2018,2018-Q1,42149.88,2293.69,15521.85,284.89,0,190.4,1552.18,16979.54,0,0.05,655.4,191.17,529.4
CON00077,2024-06-30,Annuity,2018,2018-Q1,42440.59,2339.56,16979.54,283.4,0,139.32,0,16835.46,0,0.0334,797.52,521.86,353.52
CON00077,2024-09-30,Annuity,2018,2018-Q1,42478.83,2385.43,16835.46,315.23,0,142.52,0,16662.74,0,0.0345,726.77,60.57,365.5
CON00077,2024-12-31,Annuity,2018,2018-Q1,41790.65,2431.31,16662.74,300.18,1077.86,118.73,0,17559.15,0,0.029,633.98,371.83,307.43
CON00077,2025-03-31,Annuity,2018,2018-Q1,42113.59,2477.18,17559.15,435.97,0,139.7,0,17262.88,0,0.0326,831.81,272.87,345.65
CON00077,2025-06-30,Annuity,2018,2018-Q1,42983.15,2523.06,17262.88,331.26,118.05,113.08,0,17162.75,0,0.0267,847.65,513.15,282.94
CON00077,2025-09-30,Annuity,2018,2018-Q1,42557.52,2568.93,17162.75,274.05,0,107.32,0,16996.02,0,0.0254,785.96,505.35,269.22
CON00077,2025-12-31,Annuity,2018,2018-Q1,42002.88,2614.8,16996.02,394.53,0,184.38,0,16785.87,0,0.0444,893.42,360.18,470.54
CON00078,2024-03-31,Annuity,2021,2021-Q4,14950.78,1018.28,6516.39,140.61,0,60.02,651.64,7087.43,0,0.0377,225.24,276.75,145.37
CON00078,2024-06-30,Annuity,2021,2021-Q4,16107.66,1038.64,7087.43,170.79,0,79.25,0,6995.89,0,0.0458,377.83,355.18,176.93
CON00078,2024-09-30,Annuity,2021,2021-Q4,14753.94,1059.01,6995.89,170.14,0,60.07,0,6885.82,0,0.0352,364.04,0,135.89
CON00078,2024-12-31,Annuity,2021,2021-Q4,16320.7,1079.38,6885.82,168.19,0,46.8,0,6764.44,0,0.0279,275.24,78.32,107.59
CON00078,2025-03-31,Annuity,2021,2021-Q4,14495.43,1099.74,6764.44,125.78,0,78.96,0,6717.62,0,0.0476,252.34,139.45,183.66
CON00078,2025-06-30,Annuity,2021,2021-Q4,15478.39,1120.11,6717.62,111.22,523.89,48.55,0,7178.83,0,0.0294,278.72,42.39,113.49
CON00078,2025-09-30,Annuity,2021,2021-Q4,15924.02,1140.47,7178.83,164.27,0,55.65,0,7070.22,0,0.0317,277.24,301.99,122.52
CON00078,2025-12-31,Annuity,2021,2021-Q4,16024.38,1160.84,7070.22,154,0,42.61,0,6958.83,0,0.0246,306.97,0,95.13
CON00079,2024-03-31,Term Life,2023,2023-Q2,18956.99,2085.69,7502.4,164.02,-504.73,45.65,750.24,7629.53,0,0.0249,439.94,0,112.21
CON00079,2024-06-30,Term Life,2023,2023-Q2,18508.58,2127.41,7629.53,142.38,391.27,44.27,0,7922.69,0,0.0237,273.66,76.13,106.65
CON00079,2024-09-30,Term Life,2023,2023-Q2,18891.86,2169.12,7922.69,167.14,0,73.25,0,7828.8,0,0.0378,257.66,40.84,170.36
CON00079,2024-12-31,Term Life,2023,2023-Q2,18137.85,2210.83,7828.8,131.51,0,86.41,0,7783.7,0,0.0449,308.8,359.97,202.48
CON00079,2025-03-31,Term Life,2023,2023-Q2,18717.92,2252.55,7783.7,158.66,0,45.32,0,7670.36,0,0.0238,328.89,355.27,107.2
CON00079,2025-06-30,Term Life,2023,2023-Q2,18482.6,2294.26,7670.36,146.53,0,81.49,0,7605.32,0,0.0433,332.63,0,195.36
CON00079,2025-09-30,Term Life,2023,2023-Q2,18210.29,2335.98,7605.32,172.19,0,66.39,0,7499.52,0,0.0357,259.53,0,161.1
CON00079,2025-12-31,Term Life,2023,2023-Q2,17269.18,2377.69,7499.52,134.07,0,65.01,0,7430.46,0,0.0353,226.39,436.87,159.2
CON00080,2024-03-31,Term Life,2018,2018-Q3,32684.33,3762.44,0,0,0,0,-201.24,0,201.24,0.0381,268.86,37.13,309.18
CON00080,2024-06-30,Term Life,2018,2018-Q3,31449.41,3837.68,0,0,0,0,0,0,201.24,0.0301,335.29,374.03,243.59
CON00080,2024-09-30,Term Life,2018,2018-Q3,31736.78,3912.93,0,0,0,0,0,0,201.24,0.037,304.34,204.06,299.94
CON00080,2024-12-31,Term Life,2018,2018-Q3,32525.86,3988.18,0,0,0,0,0,0,201.24,0.0417,321.05,62.03,337.6
CON00080,2025-03-31,Term Life,2018,2018-Q3,31533.63,4063.43,0,0,0,0,0,0,201.24,0.039,345.49,0,316.02
CON00080,2025-06-30,Term Life,2018,2018-Q3,32131.38,4138.68,0,0,0,0,0,0,201.24,0.0433,236.87,308.4,350.9
CON00080,2025-09-30,Term Life,2018,2018-Q3,33242.65,4213.93,0,0,0,0,0,0,201.24,0.0264,291.56,518.42,213.7
CON00080,2025-12-31,Term Life,2018,2018-Q3,32753.08,4289.18,0,0,0,0,0,0,201.24,0.0365,292.45,43.78,295.52
CON00081,2024-03-31,Whole Life,2020,2020-Q2,43251.45,3656.68,24650.59,418.06,0,246.02,2465.06,26943.61,0,0.0406,884.76,91.95,445.21
CON00081,2024-06-30,Whole Life,2020,2020-Q2,44756.5,3729.81,26943.61,638.86,0,154.41,0,26459.17,0,0.0235,1079.96,247.11,257.42
CON00081,2024-09-30,Whole Life,2020,2020-Q2,44715.73,3802.95,26459.17,540.46,-2463.71,230.16,0,23685.16,0,0.0355,899.25,263.15,389.42
CON00081,2024-12-31,Whole Life,2020,2020-Q2,43208.52,3876.08,23685.16,468.95,0,191.24,0,23407.45,0,0.0329,959.6,95.53,361.22
CON00081,2025-03-31,Whole Life,2020,2020-Q2,43415.67,3949.21,23407.45,478.34,0,253.69,0,23182.8,0,0.0443,856.46,278.37,485.18
CON00081,2025-06-30,Whole Life,2020,2020-Q2,43662.64,4022.35,23182.8,401.13,0,235.64,0,23017.3,0,0.0414,762.07,510.49,453.57
CON00081,2025-09-30,Whole Life,2020,2020-Q2,44205.7,4095.48,23017.3,492.49,0,244.89,0,22769.7,0,0.0435,1022.3,363.34,476.75
CON00081,2025-12-31,Whole Life,2020,2020-Q2,44347.21,4168.62,22769.7,470.31,0,211.55,0,22510.94,0,0.0379,973.95,153.88,416.02
CON00082,2024-03-31,Term Life,2018,2018-Q2,19075.04,1608.27,28125.13,559.88,0,227.22,2812.51,30604.98,0,0.033,660.51,0,150.26
CON00082,2024-06-30,Term Life,2018,2018-Q2,17307.88,1640.44,30604.98,539.71,0,238.14,0,30303.4,0,0.0317,700.57,286.4,144.38
CON00082,2024-09-30,Term Life,2018,2018-Q2,18764.1,1672.6,30303.4,462.67,0,303.67,0,30144.4,0,0.0407,644.32,238.77,185.5
CON00082,2024-12-31,Term Life,2018,2018-Q2,17274.19,1704.77,30144.4,452.73,0,358.25,0,30049.93,0,0.0483,669.02,251.06,219.94
CON00082,2025-03-31,Term Life,2018,2018-Q2,18425.87,1736.93,30049.93,694.3,-2230.63,241.59,0,27366.59,0,0.0329,790.84,210.09,150.02
CON00082,2025-06-30,Term Life,2018,2018-Q2,18924.86,1769.1,27366.59,467.23,0,182.49,0,27081.84,0,0.0271,739.53,0,123.66
CON00082,2025-09-30,Term Life,2018,2018-Q2,18107.17,1801.26,27081.84,589.22,2478.08,247.62,0,29218.33,0,0.0374,820.08,0,170.38
CON00082,2025-12-31,Term Life,2018,2018-Q2,17718.14,1833.43,29218.33,682.86,645.9,160.89,0,29342.26,0,0.0226,916.89,55.82,102.78
CON00083,2024-03-31,Annuity,2021,2021-Q2,23049.9,2855.33,17897.01,329.61,34.83,121.93,1789.7,19513.87,0,0.0278,615.09,390.95,161.75
CON00083,2024-06-30,Annuity,2021,2021-Q2,23104.39,2912.44,19513.87,438.72,0,215.96,0,19291.11,0,0.0453,624.09,0,263.83
CON00083,2024-09-30,Annuity,2021,2021-Q2,23267.72,2969.55,19291.11,321.23,0,119.47,0,19089.35,0,0.0252,526.59,205.38,146.76
CON00083,2024-12-31,Annuity,2021,2021-Q2,23100.54,3026.65,19089.35,291.19,0,144.42,0,18942.58,0,0.0307,528.06,40.08,179.03
CON00083,2025-03-31,Annuity,2021,2021-Q2,22738.27,3083.76,18942.58,416.85,0,132.39,0,18658.13,0,0.0286,560.16,321.2,166.54
CON00083,2025-06-30,Annuity,2021,2021-Q2,23754.39,3140.87,18658.13,424.12,0,110.69,0,18344.7,0,0.0243,603.69,0,141.46
CON00083,2025-09-30,Annuity,2021,2021-Q2,22833.01,3197.97,18344.7,416.64,0,109.76,0,18037.82,0,0.0245,615,1.86,142.67
CON00083,2025-12-31,Annuity,2021,2021-Q2,22680.65,3255.08,18037.82,364.87,0,199.9,0,17872.85,0,0.0452,558.49,0,263.6
CON00084,2024-03-31,Whole Life,2021,2021-Q1,17616.43,2533.73,28817.33,617.11,0,184.54,2881.73,31266.49,0,0.0262,710.17,154.76,119.03
CON00084,2024-06-30,Whole Life,2021,2021-Q1,18413.5,2584.4,31266.49,775.11,0,272.71,0,30764.09,0,0.0358,1047.35,375.59,162.68
CON00084,2024-09-30,Whole Life,2021,2021-Q1,17651.73,2635.08,30764.09,475.86,35.96,156.34,0,30480.54,0,0.0206,618.71,0,93.89
CON00084,2024-12-31,Whole Life,2021,2021-Q1,17374.92,2685.75,30480.54,576.63,0,253.39,0,30157.3,0,0.0339,813.71,441.94,154.12
CON00084,2025-03-31,Whole Life,2021,2021-Q1,17244.76,2736.43,30157.3,555.55,0,362.12,0,29963.87,0,0.0489,705.92,93.31,222.5
CON00084,2025-06-30,Whole Life,2021,2021-Q1,18035.61,2787.1,29963.87,673.69,0,337.62,0,29627.8,0,0.0461,838,319.34,209.66
CON00084,2025-09-30,Whole Life,2021,2021-Q1,18244.23,2837.77,29627.8,683.23,0,345.52,0,29290.09,0,0.0477,870.59,55.16,217.12
CON00084,2025-12-31,Whole Life,2021,2021-Q1,17513.88,2888.45,29290.09,481,0,309.2,0,29118.28,0,0.0429,647.78,200.54,195.21
CON00085,2024-03-31,Whole Life,2023,2023-Q2,48928.99,3566.29,26949.38,495.01,0,228.08,2694.94,29377.39,0,0.0345,948.32,470.21,419.73
CON00085,2024-06-30,Whole Life,2023,2023-Q2,47853.65,3637.62,29377.39,493.87,-2691.48,147.62,0,26339.66,0,0.0204,903.37,475.27,248.82
CON00085,2024-09-30,Whole Life,2023,2023-Q2,48938.99,3708.95,26339.66,478.68,0,195.93,0,26056.92,0,0.0303,1055.56,238.48,368.84
CON00085,2024-12-31,Whole Life,2023,2023-Q2,48302.98,3780.27,26056.92,414.36,0,265.1,0,25907.65,0,0.0414,858.88,585.28,503.29
CON00085,2025-03-31,Whole Life,2023,2023-Q2,49516.37,3851.6,25907.65,543.48,0,202.1,0,25566.27,0,0.0319,942.68,199.36,387.9
CON00085,2025-06-30,Whole Life,2023,2023-Q2,48838.41,3922.92,25566.27,623.29,0,153.48,0,25096.45,0,0.0246,1026.36,641.44,299.55
CON00085,2025-09-30,Whole Life,2023,2023-Q2,48715.19,3994.25,25096.45,489.23,0,276.41,0,24883.63,0,0.0449,1074.14,644.18,546.85
CON00085,2025-12-31,Whole Life,2023,2023-Q2,48288.15,4065.58,24883.63,564.34,-1439.82,151.97,0,23031.45,0,0.025,991.36,608.08,304.22
CON00086,2024-03-31,Term Life,2020,2020-Q3,30150.23,1707.53,15623.41,271.99,0,94.64,1562.34,17008.4,0,0.0247,615.8,530.25,186.38
CON00086,2024-06-30,Term Life,2020,2020-Q3,30659.96,1741.68,17008.4,392.91,0,160.65,0,16776.14,0,0.0387,767.72,124.95,292.31
CON00086,2024-09-30,Term Life,2020,2020-Q3,29330.87,1775.83,16776.14,409.29,902.87,112.16,0,17381.88,0,0.0274,637.75,181.04,207.18
CON00086,2024-12-31,Term Life,2020,2020-Q3,29798.45,1809.98,17381.88,309.38,0,212.7,0,17285.21,0,0.0498,552.72,0,376.66
CON00086,2025-03-31,Term Life,2020,2020-Q3,30291.75,1844.13,17285.21,409.96,0,199.8,0,17075.06,0,0.0474,711.5,0,357.95
CON00086,2025-06-30,Term Life,2020,2020-Q3,30422.55,1878.28,17075.06,407.58,0,175.12,0,16842.59,0,0.042,645.07,372.93,317.64
CON00086,2025-09-30,Term Life,2020,2020-Q3,29789.56,1912.43,16842.59,358.56,0,188.73,0,16672.77,0,0.0458,618.71,69.07,346.14
CON00086,2025-12-31,Term Life,2020,2020-Q3,30953.16,1946.58,16672.77,263.92,0,135.5,0,16544.35,0,0.033,476.93,169.02,249.65
CON00087,2024-03-31,Term Life,2020,2020-Q2,26399.28,1577.13,14792.93,305.89,0,80.82,1479.29,16047.15,0,0.0223,636.8,0,143.94
CON00087,2024-06-30,Term Life,2020,2020-Q2,26695.39,1608.68,16047.15,365.86,0,133.72,0,15815.01,0,0.0341,638.03,198.53,220.02
CON00087,2024-09-30,Term Life,2020,2020-Q2,26751.62,1640.22,15815.01,310.56,0,85.97,0,15590.41,0,0.0222,535.07,199.64,143.06
CON00087,2024-12-31,Term Life,2020,2020-Q2,25990.84,1671.76,15590.41,313.59,0,154.46,0,15431.28,0,0.0404,496.77,286.12,260.87
CON00087,2025-03-31,Term Life,2020,2020-Q2,26137.36,1703.3,15431.28,307.78,1442.11,176.6,0,16742.21,0,0.0467,612.8,0,301.3
CON00087,2025-06-30,Term Life,2020,2020-Q2,25518.94,1734.85,16742.21,350.71,-458.65,184.89,0,16117.74,0,0.0451,594.71,169.24,291.05
CON00087,2025-09-30,Term Life,2020,2020-Q2,26412.86,1766.39,16117.74,402.47,0,108.61,0,15823.88,0,0.0276,759.04,491.43,178.32
CON00087,2025-12-31,Term Life,2020,2020-Q2,24913.2,1797.93,15823.88,318.49,0,122.65,0,15628.04,0,0.0316,665.04,373.7,204.1
CON00088,2024-03-31,Annuity,2022,2022-Q2,33047.23,4054.3,23830.1,492.39,0,194.68,2383.01,25915.41,0,0.0334,871.24,451.76,280.76
CON00088,2024-06-30,Annuity,2022,2022-Q2,33950,4135.39,25915.41,546.41,0,166.23,0,25535.23,0,0.0262,906.15,387.62,220.53
CON00088,2024-09-30,Annuity,2022,2022-Q2,33300.31,4216.48,25535.23,592.93,0,133.63,0,25075.94,0,0.0214,854.23,152.56,180.32
CON00088,2024-12-31,Annuity,2022,2022-Q2,33571.74,4297.56,25075.94,478.28,0,170.18,0,24767.83,0,0.0277,756.71,288.24,232.86
CON00088,2025-03-31,Annuity,2022,2022-Q2,34014.97,4378.65,24767.83,398.74,0,279.94,0,24649.03,0,0.046,810.93,430.64,386.63
CON00088,2025-06-30,Annuity,2022,2022-Q2,34103.89,4459.74,24649.03,456.8,0,204.69,0,24396.92,0,0.0338,727.85,284.38,284.76
CON00088,2025-09-30,Annuity,2022,2022-Q2,33770.85,4540.82,24396.92,386.43,0,274.24,0,24284.73,0,0.0457,818.14,51.33,384.41
CON00088,2025-12-31,Annuity,2022,2022-Q2,34286.86,4621.91,24284.73,404.21,0,263.18,0,24143.71,0,0.0441,734.26,326.1,370.92
CON00089,2024-03-31,Term Life,2022,2022-Q2,47568.42,3993.24,11419.97,278.12,44.86,99.96,1142,12428.67,0,0.0359,756.01,229.62,435.55
CON00089,2024-06-30,Term Life,2022,2022-Q2,47634.67,4073.11,12428.67,203.89,0,150.24,0,12375.02,0,0.0492,626.48,422.25,596.66
CON00089,2024-09-30,Term Life,2022,2022-Q2,47851.44,4152.97,12375.02,289.54,0,139.76,0,12225.23,0,0.0463,860.99,395.08,561.42
CON00089,2024-12-31,Term Life,2022,2022-Q2,49355.84,4232.84,12225.23,296.39,0,125.06,0,12053.89,0,0.0419,859.83,555.84,508.96
CON00089,2025-03-31,Term Life,2022,2022-Q2,47579.63,4312.7,12053.89,279.81,-498.06,78.67,0,11354.68,0,0.0267,714.24,646.82,324.37
CON00089,2025-06-30,Term Life,2022,2022-Q2,47739.78,4392.57,11354.68,262.19,0,100.05,0,11192.55,0,0.0361,722.1,607.39,437.91
CON00089,2025-09-30,Term Life,2022,2022-Q2,48704.48,4472.43,11192.55,231.66,0,75.15,0,11036.03,0,0.0274,715.06,137.71,332.85
CON00089,2025-12-31,Term Life,2022,2022-Q2,48379.78,4552.3,11036.03,220.13,-335.75,95.08,0,10575.23,0,0.0352,702.98,464.9,426.79
CON00090,2024-03-31,Term Life,2022,2022-Q4,23560.22,3409.88,0,0,0,0,-454.94,0,454.94,0.0493,253.14,3.97,282.02
CON00090,2024-06-30,Term Life,2022,2022-Q4,22356.98,3478.08,0,0,0,0,0,0,454.94,0.0327,223,0,186.85
CON00090,2024-09-30,Term Life,2022,2022-Q4,21912.93,3546.28,0,0,0,0,0,0,454.94,0.0418,207.48,235.6,239.08
CON00090,2024-12-31,Term Life,2022,2022-Q4,22041.27,3614.47,0,0,0,0,0,0,454.94,0.0237,223,408.56,135.27
CON00090,2025-03-31,Term Life,2022,2022-Q4,23060.15,3682.67,0,0,0,0,0,0,454.94,0.0264,222.7,203.33,150.98
CON00090,2025-06-30,Term Life,2022,2022-Q4,22567.05,3750.87,0,0,0,0,0,0,454.94,0.0396,229.01,435.71,226.71
CON00090,2025-09-30,Term Life,2022,2022-Q4,23547.1,3819.07,0,0,0,0,0,0,454.94,0.0334,289.56,464.56,191.01
CON00090,2025-12-31,Term Life,2022,2022-Q4,23330.64,3887.26,0,0,0,0,0,0,454.94,0.0293,155.87,34.68,167.66
CON00091,2024-03-31,Whole Life,2022,2022-Q1,19255.25,2938.32,0,0,0,0,-453.7,0,453.7,0.045,136.57,86.93,221.12
CON00091,2024-06-30,Whole Life,2022,2022-Q1,20017.09,2997.08,0,0,0,0,0,0,453.7,0.0348,251.79,69.77,170.83
CON00091,2024-09-30,Whole Life,2022,2022-Q1,20515.91,3055.85,0,0,0,0,0,0,453.7,0.0245,170.89,391.46,120.66
CON00091,2024-12-31,Whole Life,2022,2022-Q1,19972.62,3114.62,0,0,0,0,0,0,453.7,0.0437,178.61,191.4,214.92
CON00091,2025-03-31,Whole Life,2022,2022-Q1,20100.46,3173.38,0,0,0,0,0,0,453.7,0.0468,118.42,0,229.94
CON00091,2025-06-30,Whole Life,2022,2022-Q1,19296.55,3232.15,0,0,0,0,0,0,453.7,0.0448,249.02,439.68,220.09
CON00091,2025-09-30,Whole Life,2022,2022-Q1,19497.16,3290.92,0,0,0,0,0,0,453.7,0.0308,204.72,284.41,151.3
CON00091,2025-12-31,Whole Life,2022,2022-Q1,19837.53,3349.68,0,0,0,0,0,0,453.7,0.033,242.8,233.98,162.31
CON00092,2024-03-31,Term Life,2023,2023-Q2,11351.94,1129.03,25528.3,384.33,0,125.99,2552.83,27822.79,0,0.02,494.5,197.72,54.51
CON00092,2024-06-30,Term Life,2023,2023-Q2,11400.76,1151.61,27822.79,427,1542.51,227.5,0,29165.8,0,0.0332,481.88,200.76,90.34
CON00092,2024-09-30,Term Life,2023,2023-Q2,11354.09,1174.19,29165.8,641.41,0,303.39,0,28827.78,0,0.0425,771.33,99.82,115.72
CON00092,2024-12-31,Term Life,2023,2023-Q2,10118.7,1196.77,28827.78,665.58,0,216.42,0,28378.62,0,0.0307,784.6,0,83.61
CON00092,2025-03-31,Term Life,2023,2023-Q2,10561.21,1219.35,28378.62,598.31,0,240.03,0,28020.34,0,0.0346,795.38,175.31,94
CON00092,2025-06-30,Term Life,2023,2023-Q2,11290.99,1241.93,28020.34,561.8,0,203.44,0,27661.97,0,0.0296,708.72,162.52,80.61
CON00092,2025-09-30,Term Life,2023,2023-Q2,10227.78,1264.51,27661.97,541.05,0,175.67,0,27296.59,0,0.0259,596.11,323.67,70.47
CON00092,2025-12-31,Term Life,2023,2023-Q2,11787.8,1287.1,27296.59,642.21,-2398.21,218.16,0,24474.34,0,0.0327,797.65,0,89.05
CON00093,2024-03-31,Whole Life,2022,2022-Q3,27103.99,2405.53,15474.29,317.87,0,139.02,1547.43,16842.86,0,0.0367,572.77,0,244.66
CON00093,2024-06-30,Whole Life,2022,2022-Q3,26114.36,2453.64,16842.86,268.62,805.43,203.42,0,17583.08,0,0.0491,604.3,110.54,327.37
CON00093,2024-09-30,Whole Life,2022,2022-Q3,26387.95,2501.75,17583.08,431.41,-1410.81,196.11,0,15936.97,0,0.0457,615.05,176.48,304.98
CON00093,2024-12-31,Whole Life,2022,2022-Q3,26094.24,2549.86,15936.97,310.34,0,164.96,0,15791.58,0,0.0422,574.46,219,281.57
CON00093,2025-03-31,Whole Life,2022,2022-Q3,27357.83,2597.97,15791.58,356.62,1195.05,101.43,0,16731.44,0,0.0263,714.86,87.34,175.29
CON00093,2025-06-30,Whole Life,2022,2022-Q3,25755.43,2646.08,16731.44,330.27,0,153.5,0,16554.68,0,0.0374,649.24,155.11,249.65
CON00093,2025-09-30,Whole Life,2022,2022-Q3,25922.15,2694.19,16554.68,304.85,0,162.39,0,16412.22,0,0.04,638.2,339.09,266.56
CON00093,2025-12-31,Whole Life,2022,2022-Q3,27429.6,2742.3,16412.22,336.51,0,123.92,0,16199.62,0,0.0308,514.66,133.64,205.61
CON00094,2024-03-31,Term Life,2019,2019-Q3,43539.4,6532.73,22130.09,447.38,0,180.97,2213.01,24076.69,0,0.0334,820.4,264.79,367.83
CON00094,2024-06-30,Term Life,2019,2019-Q3,44802.81,6663.38,24076.69,494.35,1134.34,130.58,0,24847.26,0,0.0221,918.36,254.92,244.03
CON00094,2024-09-30,Term Life,2019,2019-Q3,44749.17,6794.04,24847.26,592.08,0,137.68,0,24392.86,0,0.0227,1092.9,416.53,250.16
CON00094,2024-12-31,Term Life,2019,2019-Q3,43585.54,6924.69,24392.86,543.3,0,225.61,0,24075.18,0,0.0378,950.83,537.43,416.9
CON00094,2025-03-31,Term Life,2019,2019-Q3,44560.42,7055.35,24075.18,451.37,0,224.83,0,23848.63,0,0.0381,823.47,257.94,419.42
CON00094,2025-06-30,Term Life,2019,2019-Q3,43404.65,7186,23848.63,513.21,0,139.88,0,23475.31,0,0.024,1026.26,419.91,264.18
CON00094,2025-09-30,Term Life,2019,2019-Q3,44111.77,7316.66,23475.31,461.94,0,147.16,0,23160.53,0,0.0256,851.41,380.37,281.8
CON00094,2025-12-31,Term Life,2019,2019-Q3,43174.37,7447.31,23160.53,418.1,0,248.51,0,22990.93,0,0.0437,768.29,634.97,481.56
CON00095,2024-03-31,Annuity,2021,2021-Q2,15294.76,1583.96,18594.99,312.23,0,222.78,1859.5,20365.05,0,0.0487,463.41,134.61,180.22
CON00095,2024-06-30,Annuity,2021,2021-Q2,15507.05,1615.64,20365.05,419.62,0,190.39,0,20135.81,0,0.0382,634.81,131.23,141.17
CON00095,2024-09-30,Annuity,2021,2021-Q2,15328.15,1647.32,20135.81,329.46,0,217.53,0,20023.87,0,0.0439,402.33,295.73,162.43
CON00095,2024-12-31,Annuity,2021,2021-Q2,15479.24,1679,20023.87,494.15,0,120.46,0,19650.19,0,0.0247,656.05,417.92,91.22
CON00095,2025-03-31,Annuity,2021,2021-Q2,15781.39,1710.68,19650.19,299.34,1259.39,139.62,0,20749.86,0,0.0289,501.95,296.19,106.71
CON00095,2025-06-30,Annuity,2021,2021-Q2,15258.07,1742.36,20749.86,464.86,0,158.75,0,20443.75,0,0.0313,615.96,238.68,115.75
CON00095,2025-09-30,Annuity,2021,2021-Q2,15174.27,1774.04,20443.75,355.15,0,156.79,0,20245.39,0,0.0312,582.69,167.66,115.43
CON00095,2025-12-31,Annuity,2021,2021-Q2,13845.72,1805.72,20245.39,460.14,0,229.08,0,20014.33,0,0.0463,595.65,311.79,171.24
CON00096,2024-03-31,Annuity,2018,2018-Q4,45135.05,4128.25,7059.85,115.77,0,82.09,705.99,7732.16,0,0.0473,544.15,567.52,542.55
CON00096,2024-06-30,Annuity,2018,2018-Q4,44944.29,4210.81,7732.16,177.67,0,38.4,0,7592.89,0,0.0203,622.82,395.82,233.29
CON00096,2024-09-30,Annuity,2018,2018-Q4,45338.15,4293.37,7592.89,184.85,0,54.86,0,7462.91,0,0.0296,739,416.35,339.86
CON00096,2024-12-31,Annuity,2018,2018-Q4,44973.48,4375.94,7462.91,154.12,0,55.43,0,7364.22,0,0.0303,709.58,331.32,348.07
CON00096,2025-03-31,Annuity,2018,2018-Q4,46333.18,4458.5,7364.22,129.29,0,89.31,0,7324.23,0,0.0494,561.51,427.58,566.5
CON00096,2025-06-30,Annuity,2018,2018-Q4,46287.3,4541.07,7324.23,134.44,0,79.57,0,7269.36,0,0.0443,528.1,166.88,507.88
CON00096,2025-09-30,Annuity,2018,2018-Q4,45995.78,4623.63,7269.36,171.02,479.43,44.57,0,7622.35,0,0.0251,547.06,632.8,288.18
CON00096,2025-12-31,Annuity,2018,2018-Q4,46722.43,4706.2,7622.35,167.15,0,44.65,0,7499.85,0,0.024,620.22,368.69,274.86
CON00097,2024-03-31,Term Life,2021,2021-Q1,26727.58,3825.39,22320.84,372.22,0,171.7,2232.08,24352.4,0,0.0313,574.04,360.29,204.36
CON00097,2024-06-30,Term Life,2021,2021-Q1,26558.35,3901.9,24352.4,567.14,0,287.87,0,24073.13,0,0.0484,736.07,292.88,316.17
CON00097,2024-09-30,Term Life,2021,2021-Q1,25652.28,3978.41,24073.13,423.66,0,238.92,0,23888.39,0,0.0404,603.63,292.27,263.91
CON00097,2024-12-31,Term Life,2021,2021-Q1,25606.68,4054.92,23888.39,504.25,0,212.73,0,23596.86,0,0.0364,851.4,94.22,237.64
CON00097,2025-03-31,Term Life,2021,2021-Q1,26629.1,4131.43,23596.86,506.72,0,214.06,0,23304.21,0,0.0371,691.75,0.73,242.18
CON00097,2025-06-30,Term Life,2021,2021-Q1,26724.86,4207.93,23304.21,559.58,0,224.06,0,22968.69,0,0.0394,751.9,209.47,257.34
CON00097,2025-09-30,Term Life,2021,2021-Q1,26356.83,4284.44,22968.69,454.57,0,119.01,0,22633.13,0,0.0211,759.11,360.24,138.09
CON00097,2025-12-31,Term Life,2021,2021-Q1,25961.78,4360.95,22633.13,492.9,0,254.23,0,22394.46,0,0.0459,717.38,0,299.97
CON00098,2024-03-31,Term Life,2022,2022-Q2,15920,2225.53,25589.64,478.72,0,300.08,2558.96,27969.97,0,0.0478,635.24,27.92,200.39
CON00098,2024-06-30,Term Life,2022,2022-Q2,16174.29,2270.04,27969.97,481.12,0,310.93,0,27799.77,0,0.0452,574.87,187.79,189.67
CON00098,2024-09-30,Term Life,2022,2022-Q2,15952.85,2314.55,27799.77,506,0,154.4,0,27448.17,0,0.0226,587.94,55.89,94.86
CON00098,2024-12-31,Term Life,2022,2022-Q2,17199.21,2359.06,27448.17,506.4,0,275.62,0,27217.39,0,0.0409,663.68,179.51,171.54
CON00098,2025-03-31,Term Life,2022,2022-Q2,17724.07,2403.57,27217.39,442.63,0,203.2,0,26977.96,0,0.0304,688.24,102.48,127.26
CON00098,2025-06-30,Term Life,2022,2022-Q2,15936.63,2448.08,26977.96,617.37,0,280.92,0,26641.51,0,0.0426,710.39,0,178.69
CON00098,2025-09-30,Term Life,2022,2022-Q2,16745.65,2492.59,26641.51,573.66,0,317.62,0,26385.47,0,0.0487,667.67,218.79,204.31
CON00098,2025-12-31,Term Life,2022,2022-Q2,17690.64,2537.1,26385.47,395.84,-1150.43,137.21,0,24976.41,0,0.0211,593.7,410.96,88.53
CON00099,2024-03-31,Term Life,2019,2019-Q2,34990.11,2172.5,11570.92,203.3,0,105.56,1157.09,12630.27,0,0.0371,538.56,276.36,315.99
CON00099,2024-06-30,Term Life,2019,2019-Q2,33869.82,2215.95,12630.27,296.19,0,152.64,0,12486.71,0,0.0495,561.23,233.74,421.11
CON00099,2024-09-30,Term Life,2019,2019-Q2,34156.29,2259.4,12486.71,284.23,0,152.08,0,12354.56,0,0.0499,530.36,524.49,424.1
CON00099,2024-12-31,Term Life,2019,2019-Q2,33461.45,2302.85,12354.56,225.51,0,125.15,0,12254.21,0,0.0413,599.73,140.66,351.13
CON00099,2025-03-31,Term Life,2019,2019-Q2,34575.71,2346.3,12254.21,294.9,0,135.68,0,12094.99,0,0.0454,605.89,358.32,386.07
CON00099,2025-06-30,Term Life,2019,2019-Q2,33239.94,2389.75,12094.99,193.44,0,91.23,0,11992.77,0,0.0307,556.75,320.85,260.83
CON00099,2025-09-30,Term Life,2019,2019-Q2,33558.16,2433.2,11992.77,214.9,0,109.11,0,11886.98,0,0.0371,631.14,553.42,315.25
CON00099,2025-12-31,Term Life,2019,2019-Q2,33189.02,2476.65,11886.98,222.3,0,136.2,0,11800.88,0,0.0467,493.98,477.3,397.32
CON00100,2024-03-31,Annuity,2022,2022-Q3,44653.97,5924.11,8359.27,203.28,0,67.38,835.93,9059.3,0,0.033,733.06,605.54,361.84
CON00100,2024-06-30,Annuity,2022,2022-Q3,43277.38,6042.59,9059.3,141.43,0,52.18,0,8970.05,0,0.0234,620.67,551.15,256.29
CON00100,2024-09-30,Annuity,2022,2022-Q3,44239.43,6161.07,8970.05,187.96,161.97,57.03,0,9001.09,0,0.026,675.34,157.4,284.47
CON00100,2024-12-31,Annuity,2022,2022-Q3,43493,6279.56,9001.09,202.37,706.76,56.21,0,9561.69,0,0.0256,616.78,142.27,279.83
CON00100,2025-03-31,Annuity,2022,2022-Q3,43042.8,6398.04,9561.69,222.94,0,67.88,0,9406.64,0,0.0291,687.63,401.62,318.39
CON00100,2025-06-30,Annuity,2022,2022-Q3,43153.78,6516.52,9406.64,211.54,236.18,55.3,0,9486.56,0,0.0241,747.08,390.74,263.41
CON00100,2025-09-30,Annuity,2022,2022-Q3,44159.77,6635,9486.56,213.3,0,94.82,0,9368.09,0,0.0409,700.42,172.38,447.89
CON00100,2025-12-31,Annuity,2022,2022-Q3,44166.63,6753.48,9368.09,154.95,0,51.25,0,9264.39,0,0.0223,515.73,324.35,243.67
